76.422
75.696
74.878
73.969
72.972
71.888
70.72
69.471
68.143
66.74
65.264
63.72
62.11
60.437
58.706
56.92
55.082
53.199
51.273
49.31
47.317
45.298
43.261
41.211
39.154
37.094
35.037
32.988
30.95
28.927
26.921
24.939
22.985
21.065
19.184
17.349
15.565
13.838
12.175
10.58
9.055
7.6
6.218
4.91
3.679
2.53
1.464
0.48
-0.425
-1.256
-2.02
-2.727
-3.394
-4.048
-4.708
-5.387
-6.095
-6.834
-7.608
-8.422
-9.28
-10.183
-11.134
-12.13
-13.172
-14.27
-15.419
-16.612
-17.832
-19.042
-20.219
-21.356
-22.453
-23.52
-24.573
-25.626
-26.704
-27.846
-29.084
-30.451
-31.976
-33.67
-35.559
-37.676
-40.059
-42.772
-45.859
-49.347
-53.255
-57.593
-62.355
-67.535
-73.109
-79.024
-85.234
-91.694
-98.359
-105.196
-112.159
-119.194
-126.241
-133.229
-140.096
-146.793
-153.274
-159.504
-165.453
-171.108
-176.483
-181.613
-186.531
-191.252
-195.766
-200.094
-204.289
-208.412
-212.553
-216.75
-220.945
-225.139
-229.384
-233.626
-237.79
-241.609
-244.561
-246.37
-247.016
-246.489
-244.876
-242.253
-238.541
-234.168
-230.104
-226.91
-224.893
-224.02
-223.639
-223.055
-221.795
-218.876
-212.908
-203.897
-192.316
-178.495
-163.061
-144.217
-118.926
-86.065
-46.549
-4.189
35.228
65.496
80.863
76.139
46.683
-7.576
-81.808
-168.631
-259.721
-351.317
-444.105
-538.418
-631.072
-713.696
-776.436
-812.509
-821.205
-807.513
-777.398
-735.856
-686.113
-629.708
-569.086
-508.569
-453.062
-406.678
-371.717
-346.654
-327.842
-312.829
-299.895
-289.097
-281.509
-276.085
-271.051
-265.102
-256.946
-246.469
-234.542
-221.73
-208.815
-197.054
-187.234
-179.746
-174.813
-172.169
-171.357
-172.061
-173.775
-175.808
-177.694
-179.111
-179.843
-179.881
-179.233
-177.878
-175.887
-173.372
-170.421
-167.125
-163.553
-159.746
-155.777
-151.74
-147.728
-143.834
-140.138
-136.709
-133.615
-130.92
-128.663
-126.859
-125.498
-124.555
-124.002
-123.804
-123.92
-124.299
-124.887
-125.631
-126.482
-127.396
-128.327
-129.229
-130.053
-130.749
-131.282
-131.628
-131.773
-131.709
-131.434
-130.949
-130.266
-129.406
-128.39
-127.229
-125.932
-124.498
-122.936
-121.258
-119.484
-117.632
-115.712
-113.727
-111.675
-109.557
-107.363
-105.076
-102.661
-100.072
-97.277
-94.261
-91.026
-87.587
-83.958
-80.15
-76.175
-72.057
-67.834
-63.55
-59.249
-54.973
-50.78
-46.755
-43.01
-39.671
-36.845
-34.614
-33.038
-32.168
-32.043
-32.699
-34.156
-36.411
-39.446
-43.243
-47.787
-53.065
-59.046
-65.658
-72.787
-80.311
-88.112
-96.088
-104.147
-112.187
-120.121
-127.878
-135.401
-142.659
-149.63
-156.272
-162.542
-168.39
-173.772
-178.682
-183.146
-187.193
-190.861
-194.188
-197.216
-200.01
-202.626
-205.096
-207.439
-209.658
-211.754
-213.748
-215.663
-217.527
-219.374
-221.218
-223.062
-224.912
-226.761
-228.594
-230.392
-232.112
-233.72
-235.201
-236.55
-237.77
-238.87
-239.847
-240.701
-241.435
-242.044
-242.529
-242.892
-243.13
-243.25
-243.264
-243.189
-243.052
-242.877
-242.678
-242.468
-242.254
-242.039
-241.829
-241.626
-241.427
-241.232
-241.044
-240.862
-240.691
-240.531
-240.379
-240.233
-240.086
-239.933
-239.77
-239.591
-239.393
-239.172
-238.926
-238.653
-238.354
-238.027
-237.673
-237.289
-236.875
-236.429
-235.949
-235.435
-234.886
-234.3
-233.679
-233.021
-232.329
-231.603
-230.844
-230.054
-229.235
-228.389
-227.518
-226.623
-225.708
-224.774
-223.823
-222.859
-221.883
-220.899
-219.909
-218.915
-217.919
-216.924
-215.931
-214.94
-213.954
-212.971
-211.994
-211.021
-210.052
-209.087
-208.125
-207.165
-206.206
-205.245
-204.281
-203.312
-202.335
-201.347
-200.345
-199.327
-198.288
-197.226
-196.137
-195.018
-193.865
-192.676
-191.446
-190.173
-188.852
-187.482
-186.057
-184.576
-183.036
-181.432
-179.763
-178.027
-176.221
-174.343
-172.392
-170.368
-168.269
-166.095
-163.845
-161.519
-159.119
-156.643
-154.093
-151.471
-148.777
-146.013
-143.181
-140.283
-137.32
-134.295
-131.21
-128.066
-124.866
-121.611
-118.305
-114.949
-111.547
-108.103
-104.618
-101.098
-97.547
-93.97
-90.372
-86.758
-83.132
-79.5
-75.867
-72.237
-68.616
-65.006
-61.413
-57.841
-54.296
-50.783
-47.311
-43.883
-40.506
-37.185
-33.925
-30.732
-27.61
-24.561
-21.587
-18.691
-15.88
-13.163
-10.545
-8.027
-5.607
-3.28
-1.038
1.128
3.231
5.292
7.327
9.35
11.37
13.39
15.412
17.443
19.496
21.588
23.737
25.949
28.227
30.574
32.979
35.432
37.909
40.37
42.79
45.151
47.433
49.635
51.754
53.776
55.689
57.464
59.05
60.414
61.523
62.359
62.947
63.299
63.414
63.32
63.008
62.472
61.795
61
60.053
59.047
58.098
57.424
57.51
58.754
61.269
65.181
70.516
76.996
84.511
92.747
100.708
107.526
112.709
115.807
117.4
119.005
121.199
124.769
130.246
136.614
144.336
154.441
168.375
189.648
220.135
259.855
306.524
354.033
396.827
429.488
446.24
443.302
415.892
361.37
283.7
189.798
88.042
-14.351
-117.126
-220.838
-319.056
-410.408
-494.716
-548.36
-551.657
-524.766
-490.358
-445.609
-387.751
-322.414
-253.036
-182.48
-115.806
-58.934
-16.069
13.053
32.101
45.722
57.043
66.606
73.355
76.743
78.488
80.579
84.312
90.521
98.74
108.238
118.648
129.03
138.024
144.857
149.199
151.091
151.082
149.667
147.167
144.105
141.149
138.761
137.235
136.712
137.087
138.257
140.183
142.774
145.933
149.59
153.649
158.024
162.661
167.482
172.402
177.358
182.271
187.069
191.699
196.12
200.329
204.359
208.237
211.972
215.558
218.992
222.297
225.515
228.69
231.857
235.041
238.267
241.572
244.995
248.566
252.303
256.197
260.229
264.393
268.694
273.153
277.783
282.578
287.52
292.59
297.77
303.048
308.406
313.815
319.249
324.683
330.1
335.494
340.857
346.174
351.435
356.619
361.714
366.723
371.648
376.499
381.293
386.032
390.718
395.351
399.916
404.402
408.794
413.064
417.185
421.127
424.843
428.294
431.436
434.203
436.536
438.366
439.604
440.19
440.077
439.221
437.603
435.201
431.985
427.957
423.128
417.513
411.15
404.074
396.313
387.934
379.004
369.602
359.84
349.802
339.565
329.213
318.82
308.467
298.257
288.261
278.532
269.127
260.086
251.459
243.31
235.666
228.544
221.954
215.876
210.305
205.241
200.66
196.533
192.82
189.453
186.388
183.601
181.057
178.73
176.583
174.562
172.635
170.787
168.997
167.258
165.559
163.881
162.224
160.602
159.032
157.548
156.168
154.895
153.734
152.687
151.756
150.954
150.279
149.718
149.262
148.9
148.622
148.422
148.286
148.188
148.104
148.004
147.867
147.677
147.421
147.085
146.662
146.14
145.516
144.792
143.967
143.042
142.015
140.885
139.654
138.328
136.912
135.411
133.832
132.179
130.456
128.668
126.821
124.917
122.96
120.951
118.893
116.79
114.647
112.466
110.254
108.013
105.749
103.465
101.165
98.854
96.534
94.208
91.878
89.548
87.219
84.894
82.574
80.261
77.957
75.662
73.379
71.107
68.849
66.605
64.376
62.163
59.968
57.792
55.635
53.501
51.39
49.303
47.244
45.213
43.213
41.245
39.31
37.411
35.549
33.726
31.944
30.204
28.507
26.857
25.254
23.699
22.195
20.743
19.344
17.999
16.709
15.474
14.295
13.172
12.104
11.092
10.135
9.232
8.381
7.58
6.828
6.123
5.461
4.839
4.255
3.703
3.182
2.686
2.211
1.753
1.308
0.869
0.434
-0.004
-0.449
-0.905
-1.379
-1.874
-2.395
-2.946
-3.531
-4.155
-4.82
-5.529
-6.285
-7.09
-7.946
-8.855
-9.818
-10.835
-11.907
-13.033
-14.212
-15.442
-16.722
-18.049
-19.419
-20.829
-22.275
-23.752
-25.254
-26.777
-28.315
-29.86
-31.406
-32.947
-34.475
-35.983
-37.464
-38.91
-40.314
-41.67
-42.972
-44.215
-45.392
-46.499
-47.533
-48.49
-49.367
-50.161
-50.869
-51.489
-52.019
-52.457
-52.803
-53.058
-53.222
-53.296
-53.284
-53.188
-53.013
-52.761
-52.436
-52.043
-51.584
-51.066
-50.495
-49.876
-49.217
-48.525
-47.807
-47.067
-46.307
-45.527
-44.725
-43.896
-43.032
-42.122
-41.158
-40.133
-39.04
-37.873
-36.619
-35.269
-33.813
-32.24
-30.55
-28.741
-26.816
-24.787
-22.67
-20.489
-18.29
-16.124
-14.035
-12.072
-10.277
-8.705
-7.439
-6.545
-6.089
-6.107
-6.6
-7.599
-9.148
-11.285
-14.05
-17.403
-21.208
-25.376
-29.888
-34.62
-39.403
-43.859
-47.354
-49.529
-50.309
-49.659
-47.575
-44.04
-39.018
-32.978
-27.121
-22.272
-18.686
-16.322
-14.303
-11.635
-7.996
-2.386
6.067
16.572
29.139
43.716
60.937
84.665
117.016
158.032
205.266
252.014
292.671
321.465
331.929
319.232
278.622
210.381
121.307
20.477
-83.545
-187.606
-293.2
-400.878
-506.337
-599.134
-667.337
-702.994
-705.198
-679.967
-635.365
-578.411
-513.287
-441.106
-364.022
-286.235
-213.784
-154.01
-110.666
-82.509
-65.519
-54.304
-45.062
-37
-30.178
-24.126
-18.019
-10.814
-1.554
9.992
23.147
37.2
51.046
63.015
72.277
78.572
81.832
82.558
81.291
78.412
74.582
70.612
67.018
64.142
62.174
61.076
60.841
61.479
62.905
64.995
67.634
70.713
74.147
77.873
81.806
85.831
89.837
93.719
97.389
100.774
103.811
106.442
108.631
110.377
111.696
112.614
113.173
113.413
113.387
113.155
112.777
112.308
111.804
111.315
110.888
110.569
110.399
110.414
110.642
111.101
111.802
112.755
113.959
115.411
117.1
119.01
121.122
123.417
125.874
128.465
131.165
133.949
136.791
139.671
142.564
145.445
148.295
151.089
153.808
156.448
159.001
161.47
163.867
166.199
168.479
170.731
172.964
175.187
177.403
179.607
181.798
183.971
186.115
188.221
190.27
192.218
194.017
195.604
196.897
197.825
198.312
198.269
197.629
196.328
194.306
191.524
187.936
183.497
178.181
171.958
164.82
156.798
147.937
138.31
128.019
117.154
105.816
94.127
82.191
70.118
58.022
46.002
34.17
22.651
11.561
1.011
-8.902
-18.125
-26.62
-34.371
-41.394
-47.698
-53.303
-58.254
-62.588
-66.344
-69.577
-72.336
-74.687
-76.724
-78.532
-80.194
-81.786
-83.351
-84.926
-86.539
-88.198
-89.91
-91.676
-93.482
-95.32
-97.187
-99.068
-100.946
-102.797
-104.576
-106.244
-107.771
-109.132
-110.315
-111.315
-112.125
-112.753
-113.21
-113.511
-113.674
-113.713
-113.64
-113.468
-113.214
-112.9
-112.55
-112.187
-111.827
-111.484
-111.166
-110.881
-110.635
-110.429
-110.261
-110.125
-110.02
-109.942
-109.892
-109.867
-109.864
-109.878
-109.905
-109.942
-109.984
-110.031
-110.079
-110.126
-110.169
-110.209
-110.244
-110.275
-110.299
-110.317
-110.324
-110.32
-110.304
-110.274
-110.229
-110.166
-110.086
-109.987
-109.87
-109.734
-109.58
-109.408
-109.218
-109.011
-108.789
-108.551
-108.3
-108.036
-107.761
-107.476
-107.181
-106.88
-106.571
-106.256
-105.937
-105.614
-105.288
-104.959
-104.629
-104.297
-103.965
-103.633
-103.301
-102.969
-102.638
-102.309
-101.98
-101.653
-101.327
-101.001
-100.675
-100.35
-100.023
-99.695
-99.364
-99.029
-98.69
-98.345
-97.994
-97.636
-97.269
-96.892
-96.505
-96.107
-95.697
-95.274
-94.839
-94.389
-93.926
-93.449
-92.958
-92.453
-91.934
-91.401
-90.854
-90.294
-89.721
-89.137
-88.54
-87.934
-87.318
-86.693
-86.06
-85.422
-84.778
-84.131
-83.482
-82.832
-82.184
-81.538
-80.897
-80.261
-79.634
-79.015
-78.407
-77.811
-77.227
-76.658
-76.102
-75.562
-75.037
-74.527
-74.032
-73.552
-73.086
-72.633
-72.194
-71.766
-71.349
-70.941
-70.54
-70.145
-69.752
-69.361
-68.969
-68.572
-68.168
-67.754
-67.328
-66.885
-66.422
-65.936
-65.423
-64.881
-64.305
-63.693
-63.042
-62.35
-61.614
-60.833
-60.006
-59.133
-58.215
-57.253
-56.248
-55.201
-54.116
-52.993
-51.837
-50.648
-49.431
-48.19
-46.928
-45.651
-44.362
-43.069
-41.776
-40.491
-39.218
-37.964
-36.734
-35.535
-34.372
-33.252
-32.183
-31.17
-30.223
-29.346
-28.544
-27.818
-27.168
-26.59
-26.079
-25.623
-25.21
-24.831
-24.474
-24.128
-23.784
-23.424
-23.037
-22.608
-22.122
-21.573
-20.956
-20.27
-19.52
-18.72
-17.888
-17.066
-16.301
-15.635
-15.115
-14.783
-14.692
-14.922
-15.536
-16.596
-18.14
-20.167
-22.703
-25.781
-29.431
-33.681
-38.49
-43.73
-49.298
-55.155
-61.182
-67.221
-72.916
-77.669
-81.119
-83.155
-83.747
-82.911
-80.588
-76.673
-71.608
-66.515
-62.197
-59.059
-56.792
-54.182
-50.573
-45.823
-39.972
-33.593
-26.918
-19.232
-9.082
6.444
30.864
65.416
108.848
156.643
201.826
239.387
264.906
273.601
261.905
225.414
162.852
79.553
-17.348
-120.597
-226.582
-335.208
-441.468
-545.897
-650.446
-726.192
-744.05
-724.891
-695.785
-651.7
-590.286
-520.313
-445.485
-369.225
-296.742
-233.9
-185.446
-151.612
-129.256
-113.681
-101.542
-91.572
-84.199
-80.119
-77.686
-74.913
-70.48
-63.217
-53.356
-41.903
-29.468
-17.143
-6.499
1.711
7.182
9.832
10.175
8.72
5.821
2.098
-1.69
-5.058
-7.689
-9.413
-10.289
-10.341
-9.565
-8.048
-5.901
-3.228
-0.125
3.339
7.115
11.13
15.282
19.475
23.616
27.627
31.448
35.022
38.294
41.236
43.849
46.149
48.164
49.932
51.49
52.883
54.167
55.393
56.612
57.87
59.209
60.667
62.28
64.084
66.108
68.376
70.896
73.674
76.71
80
83.538
87.313
91.31
95.512
99.906
104.479
109.217
114.105
119.126
124.259
129.486
134.789
140.146
145.538
150.944
156.342
161.712
167.032
172.281
177.438
182.48
187.384
192.129
196.691
201.051
205.186
209.079
212.709
216.061
219.118
221.868
224.298
226.396
228.155
229.565
230.622
231.32
231.658
231.633
231.247
230.502
229.401
227.951
226.159
224.033
221.583
218.821
215.76
212.416
208.802
204.935
200.833
196.514
191.998
187.303
182.45
177.459
172.35
167.144
161.861
156.521
151.144
145.749
140.354
134.977
129.635
124.345
119.121
113.979
108.931
103.99
99.168
94.474
89.918
85.508
81.249
77.148
73.209
69.435
65.828
62.387
59.114
56.006
53.062
50.277
47.648
45.169
42.836
40.641
38.579
36.643
34.825
33.117
31.512
30.004
28.583
27.243
25.976
24.776
23.636
22.55
21.511
20.514
19.554
18.627
17.727
16.852
15.999
15.164
14.346
13.543
12.754
11.978
11.215
10.465
9.729
9.008
8.302
7.613
6.942
6.291
5.661
5.054
4.471
3.914
3.384
2.881
2.407
1.963
1.548
1.163
0.808
0.481
0.183
-0.087
-0.331
-0.549
-0.745
-0.919
-1.074
-1.211
-1.334
-1.446
-1.547
-1.642
-1.734
-1.824
-1.917
-2.013
-2.117
-2.231
-2.357
-2.497
-2.652
-2.826
-3.018
-3.231
-3.465
-3.72
-3.996
-4.295
-4.614
-4.955
-5.316
-5.696
-6.094
-6.508
-6.938
-7.382
-7.838
-8.304
-8.78
-9.262
-9.749
-10.24
-10.732
-11.225
-11.715
-12.203
-12.686
-13.163
-13.634
-14.097
-14.551
-14.997
-15.433
-15.859
-16.277
-16.685
-17.085
-17.476
-17.86
-18.238
-18.61
-18.978
-19.342
-19.704
-20.064
-20.423
-20.783
-21.144
-21.508
-21.874
-22.245
-22.619
-22.999
-23.384
-23.774
-24.17
-24.572
-24.98
-25.393
-25.811
-26.234
-26.66
-27.091
-27.523
-27.958
-28.393
-28.828
-29.262
-29.693
-30.121
-30.543
-30.96
-31.369
-31.771
-32.164
-32.547
-32.921
-33.283
-33.635
-33.974
-34.302
-34.616
-34.917
-35.205
-35.478
-35.736
-35.979
-36.206
-36.417
-36.611
-36.789
-36.949
-37.091
-37.214
-37.318
-37.403
-37.467
-37.51
-37.531
-37.528
-37.502
-37.452
-37.375
-37.271
-37.138
-36.976
-36.781
-36.553
-36.29
-35.99
-35.652
-35.275
-34.858
-34.401
-33.904
-33.368
-32.794
-32.185
-31.542
-30.868
-30.165
-29.437
-28.687
-27.917
-27.13
-26.332
-25.526
-24.718
-23.915
-23.123
-22.346
-21.592
-20.868
-20.179
-19.531
-18.931
-18.381
-17.887
-17.459
-17.103
-16.831
-16.647
-16.552
-16.544
-16.625
-16.789
-17.031
-17.34
-17.698
-18.092
-18.514
-18.956
-19.416
-19.883
-20.336
-20.756
-21.126
-21.437
-21.691
-21.89
-22.033
-22.125
-22.183
-22.233
-22.327
-22.504
-22.789
-23.209
-23.786
-24.561
-25.61
-27
-28.779
-30.981
-33.59
-36.606
-40.066
-43.984
-48.379
-53.233
-58.409
-63.817
-69.45
-75.187
-80.872
-86.247
-90.772
-93.989
-95.761
-95.943
-94.497
-91.676
-87.532
-82.314
-76.97
-72.359
-68.957
-67.202
-66.636
-65.856
-64.222
-60.937
-55.158
-47.727
-39.141
-29.202
-17.602
-1.399
23.328
58.478
104.075
155.505
204.934
244.732
266.587
264.623
235.61
178.698
98.693
3.025
-101.405
-209.65
-320.985
-435.201
-547.178
-647.459
-724.5
-768.645
-778.317
-758.47
-716.474
-661.218
-598.182
-529.675
-458.437
-386.507
-317.838
-258.231
-211.279
-177.935
-155.582
-139.496
-126.802
-116.427
-108.83
-104.612
-102.047
-99.215
-94.941
-88.328
-79.765
-69.99
-59.373
-48.87
-39.892
-33.229
-29.204
-27.779
-28.387
-30.505
-33.78
-37.648
-41.385
-44.503
-46.683
-47.77
-47.854
-47.017
-45.296
-42.8
-39.664
-35.999
-31.924
-27.538
-22.902
-18.107
-13.259
-8.448
-3.773
0.684
4.86
8.696
12.161
15.253
17.987
20.39
22.499
24.349
25.988
27.471
28.851
30.179
31.504
32.866
34.313
35.886
37.625
39.563
41.724
44.119
46.756
49.636
52.758
56.122
59.719
63.533
67.548
71.749
76.118
80.635
85.278
90.015
94.817
99.656
104.505
109.345
114.154
118.912
123.598
128.191
132.677
137.05
141.308
145.455
149.495
153.433
157.281
161.057
164.777
168.452
172.09
175.687
179.24
182.736
186.165
189.519
192.772
195.884
198.804
201.467
203.809
205.773
207.29
208.292
208.709
208.477
207.542
205.865
203.415
200.171
196.116
191.236
185.541
179.067
171.872
164.038
155.651
146.794
137.563
128.059
118.394
108.679
99.028
89.544
80.324
71.458
63.031
55.134
47.829
41.159
35.141
29.765
25.02
20.889
17.346
14.356
11.87
9.827
8.162
6.807
5.696
4.773
3.975
3.24
2.517
1.767
0.97
0.12
-0.786
-1.753
-2.776
-3.852
-4.963
-6.085
-7.19
-8.246
-9.224
-10.107
-10.872
-11.501
-11.98
-12.302
-12.468
-12.489
-12.376
-12.136
-11.781
-11.322
-10.776
-10.163
-9.502
-8.819
-8.129
-7.449
-6.791
-6.166
-5.581
-5.042
-4.55
-4.103
-3.7
-3.338
-3.016
-2.733
-2.485
-2.268
-2.076
-1.903
-1.745
-1.597
-1.454
-1.313
-1.171
-1.023
-0.868
-0.705
-0.53
-0.342
-0.137
0.088
0.335
0.607
0.906
1.235
1.594
1.986
2.411
2.87
3.361
3.886
4.442
5.031
5.649
6.297
6.97
7.669
8.388
9.127
9.882
10.649
11.425
12.207
12.99
13.772
14.549
15.316
16.071
16.808
17.525
18.218
18.882
19.515
20.112
20.67
21.187
21.659
22.082
22.456
22.777
23.044
23.255
23.408
23.504
23.54
23.516
23.432
23.288
23.085
22.822
22.501
22.121
21.686
21.195
20.65
20.053
19.407
18.712
17.972
17.189
16.366
15.504
14.608
13.679
12.721
11.737
10.73
9.702
8.658
7.6
6.53
5.452
4.369
3.283
2.197
1.111
0.03
-1.046
-2.114
-3.173
-4.222
-5.26
-6.284
-7.295
-8.291
-9.271
-10.235
-11.183
-12.115
-13.032
-13.933
-14.819
-15.691
-16.549
-17.395
-18.23
-19.054
-19.869
-20.676
-21.475
-22.27
-23.059
-23.844
-24.627
-25.407
-26.185
-26.961
-27.734
-28.503
-29.27
-30.03
-30.784
-31.529
-32.263
-32.987
-33.697
-34.392
-35.07
-35.728
-36.365
-36.976
-37.559
-38.108
-38.616
-39.08
-39.494
-39.855
-40.157
-40.396
-40.568
-40.67
-40.701
-40.658
-40.54
-40.339
-40.049
-39.668
-39.201
-38.654
-38.035
-37.346
-36.594
-35.785
-34.933
-34.046
-33.125
-32.165
-31.157
-30.099
-28.999
-27.871
-26.729
-25.578
-24.412
-23.224
-22.014
-20.784
-19.536
-18.259
-16.933
-15.55
-14.121
-12.679
-11.256
-9.863
-8.501
-7.152
-5.81
-4.482
-3.185
-1.932
-0.723
0.449
1.581
2.649
3.621
4.472
5.212
5.88
6.504
7.084
7.604
8.02
8.308
8.463
8.475
8.327
7.98
7.367
6.445
5.199
3.632
1.773
-0.388
-2.928
-5.893
-9.321
-13.219
-17.469
-22.005
-26.856
-31.909
-36.987
-41.816
-45.841
-48.6
-49.992
-49.906
-48.295
-45.417
-41.381
-36.507
-31.758
-27.99
-25.615
-24.897
-25.632
-26.656
-26.93
-25.594
-20.927
-12.45
-1.265
12.8
29.384
48.839
74.87
108.6
149.186
194.877
239.585
277.74
303.845
310.333
291.399
243.38
167.308
71.34
-35.869
-149.837
-262.332
-362.899
-459.227
-568.264
-674.162
-733.268
-732.703
-701.677
-661.811
-610.094
-544.843
-474.033
-403.007
-333.656
-270.602
-217.74
-176.513
-146.153
-122.768
-103.391
-86.948
-73.591
-64.914
-60.509
-57.723
-54.407
-48.979
-41
-31.285
-20.502
-9.055
2.178
11.915
19.334
24.078
26.197
26.258
24.776
22.096
18.778
15.525
12.827
11.014
10.247
10.438
11.512
13.435
16.098
19.378
23.168
27.351
31.829
36.535
41.37
46.229
51.018
55.633
59.989
64.016
67.65
70.86
73.644
76.014
77.999
79.631
80.949
82.003
82.85
83.545
84.143
84.696
85.249
85.854
86.559
87.404
88.43
89.663
91.119
92.814
94.758
96.953
99.397
102.081
104.99
108.11
111.426
114.916
118.558
122.329
126.207
130.171
134.205
138.287
142.395
146.509
150.608
154.675
158.705
162.691
166.631
170.537
174.418
178.292
182.185
186.105
190.052
194.025
198.011
202.006
206.001
209.974
213.904
217.767
221.529
225.15
228.583
231.747
234.559
236.934
238.779
240.027
240.625
240.516
239.653
238
235.531
232.242
228.139
223.218
217.48
210.946
203.66
195.71
187.201
178.232
168.911
159.338
149.606
139.827
130.117
120.563
111.241
102.212
93.529
85.264
77.5
70.291
63.665
57.613
52.11
47.136
42.669
38.674
35.105
31.898
28.976
26.289
23.808
21.5
19.339
17.279
15.261
13.247
11.221
9.178
7.125
5.06
2.981
0.9
-1.154
-3.142
-5.017
-6.755
-8.347
-9.781
-11.051
-12.142
-13.034
-13.721
-14.211
-14.51
-14.625
-14.562
-14.326
-13.93
-13.4
-12.763
-12.048
-11.277
-10.463
-9.619
-8.759
-7.893
-7.034
-6.187
-5.352
-4.534
-3.736
-2.966
-2.227
-1.522
-0.851
-0.211
0.397
0.975
1.521
2.037
2.521
2.973
3.391
3.774
4.118
4.422
4.686
4.909
5.092
5.235
5.339
5.405
5.435
5.428
5.386
5.31
5.201
5.058
4.883
4.677
4.44
4.174
3.878
3.556
3.206
2.83
2.43
2.005
1.557
1.086
0.594
0.081
-0.451
-1.001
-1.568
-2.151
-2.748
-3.358
-3.98
-4.613
-5.255
-5.906
-6.563
-7.227
-7.896
-8.569
-9.244
-9.921
-10.597
-11.272
-11.945
-12.613
-13.276
-13.933
-14.582
-15.221
-15.851
-16.47
-17.076
-17.67
-18.249
-18.814
-19.364
-19.897
-20.414
-20.914
-21.396
-21.86
-22.307
-22.734
-23.143
-23.533
-23.904
-24.255
-24.588
-24.901
-25.195
-25.471
-25.727
-25.965
-26.185
-26.387
-26.571
-26.739
-26.889
-27.023
-27.141
-27.243
-27.331
-27.404
-27.462
-27.507
-27.539
-27.558
-27.565
-27.559
-27.543
-27.516
-27.478
-27.431
-27.375
-27.311
-27.238
-27.158
-27.072
-26.979
-26.88
-26.776
-26.666
-26.551
-26.431
-26.305
-26.174
-26.036
-25.893
-25.742
-25.585
-25.42
-25.247
-25.064
-24.872
-24.668
-24.452
-24.223
-23.98
-23.72
-23.443
-23.146
-22.829
-22.49
-22.127
-21.737
-21.319
-20.871
-20.391
-19.877
-19.327
-18.74
-18.114
-17.448
-16.743
-15.998
-15.215
-14.393
-13.536
-12.645
-11.721
-10.767
-9.786
-8.78
-7.751
-6.703
-5.638
-4.561
-3.478
-2.394
-1.315
-0.245
0.809
1.841
2.845
3.817
4.753
5.649
6.499
7.298
8.036
8.706
9.304
9.83
10.286
10.675
11.001
11.271
11.495
11.692
11.873
12.043
12.207
12.365
12.526
12.708
12.929
13.203
13.536
13.926
14.367
14.864
15.407
15.984
16.568
17.113
17.585
17.968
18.244
18.396
18.389
18.155
17.634
16.78
15.564
14.002
12.093
9.792
7.069
3.89
0.251
-3.729
-7.976
-12.508
-17.23
-21.99
-26.514
-30.238
-32.689
-33.75
-33.32
-31.39
-28.216
-23.902
-18.845
-14.093
-10.488
-8.459
-8.27
-9.544
-11.465
-13.36
-13.8
-10.793
-2.995
9.595
25.568
43.101
61.725
84.098
113.932
153.131
199.857
247.423
287.067
310.37
310.911
285.639
234.288
159.937
68.903
-32.825
-140.424
-251.712
-365.36
-473.275
-573.977
-670.402
-735.413
-742.715
-714.618
-676.38
-623.32
-553.858
-477.578
-401.009
-327.261
-259.994
-203.74
-160.839
-130.66
-110.174
-95.004
-82.604
-72.488
-65.382
-61.732
-59.631
-56.968
-52.449
-45.253
-35.896
-25.203
-13.608
-2.102
7.886
15.539
20.501
22.793
22.997
21.645
19.089
15.894
12.761
10.162
8.41
7.656
7.802
8.761
10.491
12.878
15.798
19.15
22.824
26.731
30.812
34.975
39.124
43.174
47.031
50.62
53.881
56.756
59.218
61.269
62.927
64.224
65.197
65.885
66.338
66.611
66.763
66.848
66.919
67.02
67.201
67.509
67.987
68.676
69.604
70.79
72.242
73.966
75.964
78.237
80.786
83.598
86.662
89.963
93.488
97.221
101.143
105.229
109.442
113.752
118.126
122.542
126.985
131.435
135.872
140.274
144.618
148.891
153.089
157.203
161.218
165.126
168.919
172.604
176.204
179.728
183.179
186.545
189.801
192.924
195.895
198.683
201.259
203.581
205.596
207.265
208.559
209.436
209.855
209.758
209.067
207.725
205.695
202.942
199.46
195.244
190.294
184.636
178.302
171.332
163.775
155.667
147.047
137.971
128.508
118.737
108.764
98.68
88.572
78.539
68.661
59.007
49.637
40.589
31.895
23.595
15.728
8.332
1.441
-4.933
-10.788
-16.127
-20.973
-25.356
-29.314
-32.91
-36.193
-39.199
-41.954
-44.477
-46.782
-48.902
-50.872
-52.719
-54.467
-56.128
-57.716
-59.244
-60.716
-62.125
-63.45
-64.657
-65.721
-66.633
-67.392
-68
-68.459
-68.766
-68.918
-68.922
-68.788
-68.526
-68.144
-67.65
-67.054
-66.376
-65.644
-64.889
-64.136
-63.402
-62.702
-62.047
-61.448
-60.916
-60.457
-60.073
-59.764
-59.532
-59.38
-59.309
-59.322
-59.413
-59.577
-59.808
-60.101
-60.45
-60.851
-61.297
-61.783
-62.303
-62.853
-63.429
-64.027
-64.641
-65.263
-65.886
-66.504
-67.11
-67.697
-68.257
-68.783
-69.269
-69.708
-70.094
-70.421
-70.685
-70.881
-71.003
-71.049
-71.014
-70.896
-70.693
-70.402
-70.023
-69.555
-68.997
-68.35
-67.615
-66.793
-65.886
-64.895
-63.824
-62.675
-61.453
-60.159
-58.799
-57.378
-55.9
-54.371
-52.796
-51.182
-49.534
-47.858
-46.163
-44.452
-42.734
-41.015
-39.301
-37.599
-35.915
-34.255
-32.625
-31.031
-29.478
-27.971
-26.517
-25.118
-23.78
-22.507
-21.303
-20.169
-19.111
-18.13
-17.228
-16.407
-15.669
-15.014
-14.444
-13.957
-13.554
-13.235
-12.998
-12.843
-12.767
-12.768
-12.845
-12.995
-13.215
-13.502
-13.852
-14.263
-14.73
-15.251
-15.821
-16.437
-17.096
-17.793
-18.524
-19.287
-20.077
-20.892
-21.726
-22.579
-23.445
-24.323
-25.21
-26.102
-26.998
-27.895
-28.79
-29.681
-30.566
-31.443
-32.309
-33.162
-34
-34.821
-35.623
-36.404
-37.162
-37.896
-38.605
-39.285
-39.936
-40.555
-41.142
-41.693
-42.207
-42.682
-43.115
-43.505
-43.85
-44.147
-44.393
-44.587
-44.725
-44.806
-44.825
-44.781
-44.672
-44.494
-44.248
-43.93
-43.54
-43.078
-42.545
-41.941
-41.268
-40.529
-39.724
-38.857
-37.93
-36.947
-35.911
-34.824
-33.69
-32.514
-31.301
-30.059
-28.795
-27.515
-26.225
-24.933
-23.648
-22.378
-21.129
-19.906
-18.714
-17.562
-16.461
-15.424
-14.46
-13.573
-12.763
-12.031
-11.373
-10.788
-10.265
-9.788
-9.342
-8.914
-8.497
-8.095
-7.703
-7.308
-6.894
-6.435
-5.916
-5.335
-4.694
-3.997
-3.248
-2.458
-1.652
-0.875
-0.174
0.414
0.864
1.165
1.29
1.205
0.848
0.141
-0.973
-2.53
-4.537
-6.98
-9.867
-13.214
-17.019
-21.251
-25.817
-30.569
-35.431
-40.401
-45.38
-50.195
-54.464
-57.572
-59.174
-59.23
-57.74
-54.694
-50.079
-43.865
-36.519
-29.272
-23.031
-18.073
-14.357
-11.137
-7.479
-2.98
3.321
12.311
23.086
34.75
46.579
59.268
77.362
105.49
145.78
196.235
249.294
295.291
325.047
330.695
307.733
255.49
177.036
79.757
-28.936
-143.912
-262.683
-383.702
-498.512
-602.465
-694.567
-751.433
-753.978
-722.658
-680.096
-625.028
-555.908
-480.34
-404.333
-331.285
-266.38
-213.369
-173.096
-143.793
-121
-101.756
-85.328
-72.273
-64.286
-60.775
-58.76
-55.866
-50.498
-42.28
-32.129
-20.795
-8.721
3.154
13.472
21.37
26.478
28.848
29.068
27.66
24.977
21.595
18.213
15.322
13.241
12.118
11.881
12.476
13.879
15.998
18.718
21.939
25.561
29.504
33.707
38.085
42.536
46.969
51.299
55.453
59.371
62.999
66.288
69.22
71.802
74.053
76
77.681
79.132
80.403
81.551
82.63
83.69
84.778
85.933
87.196
88.605
90.194
91.994
94.025
96.3
98.827
101.613
104.656
107.95
111.483
115.233
119.182
123.308
127.586
131.989
136.488
141.055
145.663
150.292
154.92
159.528
164.095
168.6
173.025
177.364
181.614
185.778
189.859
193.86
197.791
201.674
205.524
209.35
213.15
216.911
220.615
224.243
227.775
231.187
234.447
237.507
240.318
242.826
244.981
246.735
248.029
248.791
248.957
248.479
247.322
245.472
242.919
239.65
235.663
230.967
225.588
219.568
212.957
205.798
198.141
190.037
181.55
172.768
163.776
154.65
145.456
136.255
127.114
118.112
109.331
100.831
92.658
84.85
77.437
70.465
63.972
57.984
52.516
47.561
43.105
39.141
35.659
32.636
30.038
27.81
25.884
24.213
22.758
21.484
20.354
19.319
18.333
17.364
16.39
15.398
14.378
13.317
12.201
11.037
9.837
8.627
7.444
6.307
5.23
4.225
3.302
2.476
1.761
1.157
0.658
0.259
-0.048
-0.265
-0.396
-0.455
-0.459
-0.428
-0.384
-0.345
-0.319
-0.319
-0.353
-0.428
-0.549
-0.715
-0.924
-1.171
-1.455
-1.776
-2.134
-2.524
-2.942
-3.385
-3.848
-4.328
-4.822
-5.328
-5.844
-6.37
-6.904
-7.447
-8.001
-8.566
-9.141
-9.727
-10.322
-10.926
-11.539
-12.159
-12.785
-13.418
-14.055
-14.698
-15.346
-15.998
-16.656
-17.318
-17.985
-18.657
-19.333
-20.014
-20.697
-21.384
-22.074
-22.765
-23.456
-24.146
-24.833
-25.516
-26.193
-26.861
-27.517
-28.16
-28.787
-29.395
-29.982
-30.545
-31.082
-31.591
-32.069
-32.514
-32.926
-33.301
-33.639
-33.938
-34.196
-34.413
-34.586
-34.716
-34.801
-34.842
-34.838
-34.789
-34.696
-34.56
-34.381
-34.162
-33.903
-33.606
-33.275
-32.91
-32.516
-32.095
-31.65
-31.186
-30.705
-30.211
-29.709
-29.202
-28.694
-28.189
-27.69
-27.202
-26.726
-26.268
-25.829
-25.412
-25.022
-24.659
-24.327
-24.027
-23.762
-23.534
-23.343
-23.192
-23.079
-23.007
-22.975
-22.982
-23.028
-23.112
-23.233
-23.388
-23.574
-23.791
-24.033
-24.299
-24.583
-24.881
-25.19
-25.503
-25.816
-26.124
-26.42
-26.701
-26.962
-27.197
-27.403
-27.574
-27.706
-27.796
-27.838
-27.828
-27.759
-27.624
-27.42
-27.142
-26.785
-26.347
-25.823
-25.212
-24.513
-23.726
-22.852
-21.891
-20.84
-19.697
-18.461
-17.142
-15.75
-14.296
-12.787
-11.231
-9.64
-8.03
-6.413
-4.794
-3.169
-1.534
0.111
1.756
3.383
4.977
6.531
8.049
9.537
10.996
12.421
13.813
15.178
16.536
17.896
19.245
20.554
21.791
22.944
24.016
25.029
25.993
26.905
27.752
28.52
29.211
29.833
30.388
30.862
31.225
31.459
31.577
31.62
31.623
31.592
31.51
31.331
31.025
30.583
30.001
29.262
28.336
27.17
25.705
23.915
21.792
19.341
16.565
13.416
9.844
5.82
1.345
-3.5
-8.582
-13.843
-19.282
-24.812
-30.275
-35.293
-39.27
-41.87
-43.036
-42.774
-41.083
-37.874
-33.036
-27.068
-21.195
-16.31
-12.847
-10.448
-7.902
-4.636
-0.403
4.941
10.793
17.002
23.952
32.456
45.99
68.833
103.469
150.458
204.772
258.026
302.24
328.471
330.412
304.692
250.112
171.368
76.413
-27.453
-134.977
-245.261
-358.545
-470.157
-570.986
-649.839
-696.852
-709.897
-692.986
-651.994
-595.039
-528.564
-457.231
-387.141
-322.773
-266.691
-220.671
-183.678
-152.941
-126.66
-103.98
-85.523
-73.012
-66.733
-65.015
-64.803
-63.398
-59.756
-53.907
-46.504
-38.176
-29.189
-20.272
-12.758
-7.494
-4.804
-4.636
-6.433
-9.691
-14.075
-19.015
-23.785
-27.868
-30.921
-32.802
-33.611
-33.432
-32.311
-30.357
-27.696
-24.446
-20.733
-16.658
-12.292
-7.73
-3.076
1.562
6.074
10.363
14.348
17.978
21.234
24.117
26.648
28.855
30.77
32.437
33.911
35.242
36.482
37.68
38.88
40.13
41.481
42.98
44.667
46.573
48.714
51.103
53.748
56.652
59.808
63.205
66.826
70.65
74.661
78.836
83.15
87.577
92.093
96.675
101.307
105.965
110.631
115.284
119.901
124.466
128.973
133.415
137.79
142.108
146.373
150.601
154.816
159.029
163.245
167.46
171.657
175.821
179.937
183.98
187.923
191.735
195.374
198.795
201.955
204.79
207.236
209.222
210.66
211.483
211.636
211.07
209.756
207.675
204.815
201.182
196.796
191.679
185.865
179.392
172.295
164.629
156.465
147.879
138.965
129.819
120.527
111.18
101.869
92.664
83.629
74.814
66.249
57.968
50.004
42.389
35.16
28.346
21.96
16.009
10.486
5.372
0.641
-3.743
-7.835
-11.67
-15.276
-18.675
-21.872
-24.876
-27.703
-30.371
-32.899
-35.317
-37.644
-39.895
-42.085
-44.213
-46.274
-48.249
-50.105
-51.819
-53.38
-54.779
-56.02
-57.11
-58.05
-58.844
-59.499
-60.014
-60.391
-60.632
-60.738
-60.718
-60.587
-60.362
-60.072
-59.74
-59.385
-59.021
-58.66
-58.308
-57.971
-57.656
-57.36
-57.088
-56.841
-56.623
-56.438
-56.288
-56.171
-56.086
-56.028
-55.994
-55.978
-55.977
-55.989
-56.01
-56.038
-56.073
-56.113
-56.159
-56.209
-56.262
-56.315
-56.367
-56.414
-56.457
-56.491
-56.516
-56.53
-56.533
-56.523
-56.501
-56.467
-56.42
-56.361
-56.29
-56.208
-56.116
-56.013
-55.903
-55.784
-55.659
-55.529
-55.394
-55.257
-55.118
-54.979
-54.841
-54.703
-54.568
-54.436
-54.306
-54.18
-54.057
-53.937
-53.821
-53.708
-53.598
-53.491
-53.386
-53.281
-53.178
-53.073
-52.966
-52.856
-52.741
-52.62
-52.492
-52.355
-52.208
-52.049
-51.879
-51.695
-51.498
-51.286
-51.059
-50.817
-50.559
-50.285
-49.995
-49.688
-49.366
-49.028
-48.674
-48.305
-47.92
-47.521
-47.109
-46.684
-46.247
-45.799
-45.341
-44.874
-44.399
-43.917
-43.428
-42.934
-42.435
-41.932
-41.427
-40.917
-40.405
-39.889
-39.369
-38.844
-38.313
-37.774
-37.226
-36.668
-36.098
-35.514
-34.915
-34.301
-33.671
-33.024
-32.361
-31.681
-30.985
-30.272
-29.543
-28.797
-28.036
-27.257
-26.462
-25.65
-24.824
-23.986
-23.14
-22.287
-21.431
-20.574
-19.72
-18.873
-18.038
-17.214
-16.404
-15.613
-14.845
-14.113
-13.422
-12.778
-12.178
-11.623
-11.106
-10.622
-10.164
-9.715
-9.263
-8.794
-8.302
-7.788
-7.253
-6.692
-6.097
-5.448
-4.731
-3.942
-3.084
-2.163
-1.192
-0.184
0.835
1.827
2.752
3.577
4.274
4.832
5.241
5.48
5.52
5.311
4.788
3.914
2.655
1.009
-0.991
-3.342
-6.043
-9.076
-12.436
-16.058
-19.814
-23.658
-27.606
-31.573
-35.418
-38.785
-41.073
-41.961
-41.427
-39.493
-36.193
-31.558
-25.59
-18.799
-12.432
-7.358
-3.811
-1.697
-0.227
1.523
3.955
8.115
15.145
24.499
35.492
47.392
60.385
78.12
104.744
142.437
189.872
240.882
286.607
317.511
325.162
303.857
252.332
174.969
80.159
-23.256
-129.474
-236.9
-345.533
-452.277
-549.275
-626.464
-674.947
-691.173
-677.79
-639.944
-584.499
-518.041
-445.59
-373.113
-306.012
-248.448
-203.289
-170.253
-146.261
-127.326
-110.923
-96.184
-83.89
-75.298
-69.34
-63.93
-57.466
-48.576
-37.222
-24.429
-10.882
2.573
14.629
24.459
31.65
35.979
37.755
37.496
35.571
32.546
29.171
25.946
23.224
21.242
20.011
19.55
19.907
21.019
22.785
25.121
27.937
31.171
34.787
38.706
42.833
47.064
51.293
55.444
59.449
63.242
66.767
69.967
72.811
75.305
77.464
79.315
80.896
82.242
83.398
84.423
85.369
86.288
87.232
88.237
89.345
90.593
92.016
93.648
95.518
97.638
100.023
102.675
105.591
108.764
112.181
115.818
119.656
123.669
127.825
132.102
136.475
140.92
145.419
149.946
154.476
158.987
163.455
167.86
172.197
176.457
180.636
184.747
188.8
192.813
196.816
200.819
204.822
208.824
212.813
216.78
220.714
224.592
228.389
232.078
235.621
238.977
242.095
244.897
247.297
249.212
250.546
251.229
251.211
250.436
248.86
246.451
243.19
239.077
234.127
228.343
221.738
214.34
206.197
197.402
188.062
178.28
168.167
157.826
147.352
136.855
126.451
116.229
106.261
96.608
87.317
78.458
70.104
62.307
55.092
48.451
42.357
36.792
31.735
27.153
23.004
19.226
15.745
12.514
9.503
6.682
4.028
1.497
-0.965
-3.394
-5.806
-8.204
-10.584
-12.949
-15.304
-17.64
-19.933
-22.148
-24.243
-26.195
-27.998
-29.643
-31.125
-32.432
-33.547
-34.466
-35.199
-35.752
-36.136
-36.355
-36.415
-36.328
-36.119
-35.813
-35.439
-35.018
-34.562
-34.084
-33.597
-33.11
-32.636
-32.177
-31.735
-31.311
-30.91
-30.534
-30.188
-29.874
-29.589
-29.331
-29.098
-28.888
-28.701
-28.535
-28.389
-28.264
-28.158
-28.075
-28.015
-27.98
-27.969
-27.982
-28.018
-28.077
-28.157
-28.258
-28.379
-28.517
-28.674
-28.849
-29.04
-29.249
-29.475
-29.718
-29.977
-30.253
-30.545
-30.853
-31.177
-31.518
-31.874
-32.246
-32.633
-33.036
-33.453
-33.885
-34.33
-34.787
-35.255
-35.733
-36.218
-36.711
-37.208
-37.709
-38.212
-38.715
-39.217
-39.716
-40.21
-40.698
-41.178
-41.647
-42.105
-42.548
-42.976
-43.386
-43.777
-44.146
-44.492
-44.814
-45.11
-45.379
-45.62
-45.832
-46.014
-46.167
-46.29
-46.384
-46.449
-46.486
-46.496
-46.481
-46.443
-46.384
-46.305
-46.208
-46.097
-45.973
-45.839
-45.696
-45.548
-45.395
-45.241
-45.087
-44.935
-44.788
-44.645
-44.51
-44.384
-44.268
-44.163
-44.07
-43.99
-43.922
-43.868
-43.826
-43.797
-43.779
-43.771
-43.77
-43.776
-43.785
-43.795
-43.801
-43.801
-43.79
-43.765
-43.721
-43.655
-43.563
-43.441
-43.286
-43.096
-42.869
-42.603
-42.297
-41.949
-41.561
-41.13
-40.659
-40.145
-39.59
-38.993
-38.356
-37.681
-36.97
-36.226
-35.453
-34.655
-33.836
-33.001
-32.155
-31.302
-30.447
-29.593
-28.747
-27.918
-27.113
-26.343
-25.613
-24.926
-24.283
-23.686
-23.132
-22.616
-22.128
-21.65
-21.173
-20.691
-20.196
-19.685
-19.147
-18.562
-17.918
-17.198
-16.397
-15.517
-14.558
-13.521
-12.422
-11.279
-10.129
-9.032
-8.03
-7.156
-6.45
-5.943
-5.689
-5.774
-6.262
-7.21
-8.645
-10.549
-12.946
-15.875
-19.359
-23.419
-27.989
-32.904
-38.076
-43.489
-49.022
-54.51
-59.568
-63.559
-66.125
-67.2
-66.759
-64.809
-61.347
-56.336
-50.248
-44.271
-39.232
-35.421
-32.816
-30.552
-27.63
-23.703
-17.774
-9.121
1.295
13.54
27.65
44.519
68.416
101.342
142.969
190.793
237.675
277.633
305.479
314.631
300.775
260.338
192.628
103.77
1.209
-108.019
-219.213
-331.347
-438.672
-540.002
-637.158
-705.676
-721.763
-703.029
-670.547
-621.587
-556.486
-484.517
-411.806
-342.247
-279.752
-226.955
-185.092
-152.992
-127.245
-105.895
-88.368
-74.561
-65.771
-61.457
-58.815
-55.749
-50.696
-42.948
-33.096
-21.947
-10.006
1.787
12.014
19.907
25.15
27.703
28.082
26.79
24.164
20.799
17.452
14.614
12.621
11.649
11.617
12.481
14.228
16.754
19.939
23.672
27.836
32.338
37.115
42.08
47.125
52.15
57.048
61.731
66.124
70.16
73.799
77.027
79.851
82.295
84.389
86.168
87.678
88.973
90.106
91.13
92.094
93.042
94.022
95.079
96.258
97.595
99.116
100.836
102.765
104.908
107.272
109.856
112.651
115.641
118.814
122.152
125.643
129.265
132.989
136.786
140.626
144.487
148.357
152.223
156.068
159.878
163.632
167.324
170.956
174.528
178.034
181.47
184.832
188.129
191.388
194.626
197.854
201.065
204.234
207.339
210.36
213.266
216.022
218.577
220.861
222.82
224.415
225.604
226.351
226.601
226.28
225.332
223.722
221.43
218.462
214.826
210.529
205.603
200.097
194.08
187.641
180.852
173.766
166.443
158.937
151.318
143.672
136.068
128.557
121.184
113.98
106.975
100.203
93.674
87.381
81.308
75.424
69.711
64.17
58.795
53.586
48.535
43.627
38.859
34.235
29.761
25.439
21.274
17.262
13.412
9.74
6.264
3.005
-0.027
-2.827
-5.393
-7.725
-9.826
-11.698
-13.35
-14.796
-16.046
-17.112
-18.004
-18.731
-19.304
-19.74
-20.052
-20.254
-20.361
-20.385
-20.337
-20.229
-20.072
-19.874
-19.643
-19.386
-19.11
-18.822
-18.529
-18.239
-17.956
-17.687
-17.437
-17.21
-17.01
-16.84
-16.702
-16.597
-16.526
-16.489
-16.485
-16.514
-16.574
-16.664
-16.781
-16.924
-17.089
-17.275
-17.478
-17.696
-17.925
-18.162
-18.406
-18.652
-18.898
-19.143
-19.383
-19.616
-19.841
-20.056
-20.258
-20.446
-20.619
-20.775
-20.913
-21.032
-21.132
-21.212
-21.273
-21.314
-21.335
-21.338
-21.323
-21.291
-21.244
-21.182
-21.107
-21.021
-20.925
-20.82
-20.709
-20.593
-20.474
-20.353
-20.231
-20.111
-19.993
-19.879
-19.771
-19.668
-19.573
-19.486
-19.408
-19.34
-19.283
-19.238
-19.204
-19.182
-19.174
-19.178
-19.195
-19.225
-19.269
-19.325
-19.395
-19.477
-19.572
-19.68
-19.799
-19.93
-20.073
-20.227
-20.392
-20.567
-20.753
-20.95
-21.156
-21.373
-21.6
-21.836
-22.083
-22.338
-22.604
-22.878
-23.16
-23.451
-23.748
-24.053
-24.363
-24.678
-24.997
-25.32
-25.645
-25.972
-26.299
-26.625
-26.948
-27.267
-27.581
-27.887
-28.183
-28.468
-28.739
-28.993
-29.229
-29.443
-29.633
-29.796
-29.928
-30.028
-30.091
-30.115
-30.097
-30.036
-29.929
-29.774
-29.572
-29.32
-29.021
-28.674
-28.281
-27.842
-27.358
-26.832
-26.264
-25.657
-25.012
-24.332
-23.62
-22.879
-22.115
-21.331
-20.531
-19.722
-18.908
-18.094
-17.284
-16.485
-15.698
-14.933
-14.194
-13.488
-12.822
-12.201
-11.626
-11.1
-10.621
-10.185
-9.788
-9.416
-9.055
-8.694
-8.323
-7.931
-7.51
-7.041
-6.509
-5.906
-5.216
-4.439
-3.575
-2.619
-1.574
-0.451
0.73
1.926
3.084
4.166
5.128
5.922
6.497
6.766
6.657
6.113
5.1
3.625
1.667
-0.829
-3.91
-7.621
-11.941
-16.734
-21.907
-27.431
-33.169
-38.963
-44.464
-49.047
-52.358
-54.309
-54.821
-53.969
-51.829
-48.24
-43.545
-38.736
-34.391
-30.876
-28.37
-25.917
-22.471
-17.95
-11.576
-3.16
5.767
15.41
26.215
39.305
59.067
87.952
125.824
170.455
215.715
255.95
286.693
303.237
301.445
276.687
226.091
151.283
57.834
-47.418
-158.902
-274.679
-393.332
-506.466
-610.554
-704.91
-764.601
-768.895
-738.105
-695.606
-640.523
-571.606
-497.046
-422.7
-351.091
-286.983
-234.132
-193.685
-164.365
-141.817
-122.927
-106.77
-93.738
-85.611
-81.963
-79.948
-77.278
-72.34
-64.73
-55.332
-44.866
-33.754
-22.901
-13.636
-6.798
-2.737
-1.387
-2.147
-4.478
-8.024
-12.211
-16.325
-19.869
-22.507
-24.075
-24.66
-24.337
-23.138
-21.17
-18.552
-15.384
-11.782
-7.837
-3.617
0.782
5.255
9.708
14.04
18.165
22.012
25.512
28.629
31.361
33.719
35.732
37.43
38.849
40.036
41.049
41.943
42.775
43.594
44.444
45.376
46.435
47.663
49.1
50.769
52.68
54.843
57.26
59.931
62.857
66.027
69.425
73.036
76.843
80.828
84.97
89.237
93.596
98.021
102.487
106.979
111.485
115.991
120.482
124.95
129.373
133.736
138.025
142.221
146.308
150.279
154.136
157.893
161.57
165.167
168.67
172.063
175.313
178.386
181.246
183.843
186.147
188.136
189.794
191.112
192.076
192.652
192.799
192.462
191.576
190.1
188.013
185.302
181.979
178.073
173.619
168.673
163.277
157.446
151.188
144.516
137.45
130.034
122.335
114.427
106.404
98.362
90.378
82.519
74.835
67.35
60.08
53.033
46.224
39.696
33.508
27.703
22.317
17.37
12.854
8.758
5.046
1.658
-1.453
-4.327
-6.993
-9.456
-11.72
-13.791
-15.677
-17.401
-19.004
-20.516
-21.961
-23.364
-24.732
-26.066
-27.352
-28.557
-29.65
-30.613
-31.433
-32.113
-32.659
-33.074
-33.362
-33.532
-33.579
-33.504
-33.309
-32.992
-32.56
-32.024
-31.4
-30.714
-29.993
-29.255
-28.516
-27.787
-27.073
-26.384
-25.724
-25.091
-24.49
-23.92
-23.387
-22.893
-22.441
-22.031
-21.66
-21.326
-21.023
-20.75
-20.502
-20.277
-20.072
-19.887
-19.719
-19.569
-19.436
-19.32
-19.219
-19.129
-19.05
-18.978
-18.912
-18.849
-18.787
-18.723
-18.656
-18.585
-18.508
-18.424
-18.332
-18.231
-18.121
-18.001
-17.87
-17.73
-17.579
-17.419
-17.249
-17.07
-16.882
-16.686
-16.484
-16.275
-16.061
-15.842
-15.619
-15.394
-15.167
-14.939
-14.711
-14.484
-14.259
-14.037
-13.82
-13.609
-13.404
-13.208
-13.021
-12.845
-12.679
-12.526
-12.385
-12.257
-12.144
-12.045
-11.961
-11.893
-11.84
-11.804
-11.784
-11.781
-11.795
-11.825
-11.873
-11.938
-12.019
-12.118
-12.233
-12.365
-12.512
-12.674
-12.852
-13.045
-13.251
-13.471
-13.704
-13.949
-14.206
-14.474
-14.752
-15.04
-15.335
-15.638
-15.948
-16.262
-16.581
-16.903
-17.226
-17.549
-17.871
-18.189
-18.502
-18.807
-19.104
-19.389
-19.661
-19.917
-20.154
-20.37
-20.564
-20.734
-20.877
-20.991
-21.074
-21.125
-21.141
-21.121
-21.061
-20.956
-20.805
-20.602
-20.348
-20.039
-19.673
-19.247
-18.76
-18.212
-17.604
-16.937
-16.208
-15.416
-14.558
-13.636
-12.66
-11.637
-10.57
-9.465
-8.327
-7.164
-5.989
-4.806
-3.613
-2.407
-1.184
0.053
1.293
2.524
3.737
4.929
6.111
7.285
8.444
9.588
10.719
11.842
12.975
14.119
15.249
16.346
17.394
18.39
19.353
20.3
21.237
22.165
23.074
23.961
24.843
25.729
26.612
27.488
28.328
29.126
29.917
30.722
31.554
32.402
33.224
33.967
34.603
35.108
35.45
35.599
35.485
35.03
34.19
32.929
31.25
29.169
26.64
23.605
20.028
15.889
11.263
6.307
1.098
-4.35
-9.932
-15.484
-20.613
-24.695
-27.376
-28.588
-28.334
-26.622
-23.369
-18.462
-12.382
-6.334
-1.193
2.597
5.344
8.197
11.753
16.315
22.142
28.752
35.809
43.457
52.243
65.43
87.638
121.696
168.316
222.612
275.676
319.304
345.278
347.657
323.857
272.786
196.923
102.753
-3.599
-117.585
-235.784
-356.524
-474.599
-579.889
-662.462
-713.481
-729.462
-713.991
-672.392
-612.063
-540.622
-463.545
-386.578
-314.581
-251.226
-199.217
-159.353
-129.861
-106.915
-87.914
-71.875
-59.143
-51.366
-47.985
-46.205
-43.81
-39.172
-31.853
-22.732
-12.514
-1.613
9.056
18.172
24.9
28.876
30.167
29.38
27.054
23.551
19.463
15.513
12.214
9.917
8.761
8.637
9.454
11.157
13.634
16.757
20.409
24.459
28.805
33.369
38.051
42.744
47.337
51.716
55.78
59.447
62.664
65.411
67.69
69.523
70.938
71.97
72.665
73.079
73.269
73.292
73.2
73.041
72.87
72.742
72.71
72.822
73.11
73.596
74.298
75.227
76.394
77.802
79.446
81.315
83.399
85.685
88.16
90.807
93.603
96.522
99.545
102.651
105.828
109.057
112.321
115.604
118.886
122.152
125.401
128.627
131.832
135.025
138.215
141.421
144.67
147.976
151.346
154.781
158.265
161.784
165.323
168.854
172.351
175.782
179.101
182.265
185.224
187.906
190.243
192.159
193.559
194.371
194.531
193.982
192.695
190.653
187.846
184.286
179.99
174.979
169.288
162.954
156.019
148.551
140.618
132.3
123.698
114.91
106.034
97.173
88.405
79.789
71.378
63.206
55.304
47.702
40.428
33.504
26.958
20.804
15.054
9.713
4.761
0.168
-4.106
-8.117
-11.904
-15.49
-18.894
-22.126
-25.191
-28.099
-30.86
-33.479
-35.976
-38.371
-40.684
-42.933
-45.122
-47.242
-49.272
-51.183
-52.95
-54.562
-56.008
-57.289
-58.405
-59.362
-60.166
-60.827
-61.349
-61.728
-61.962
-62.049
-61.994
-61.808
-61.508
-61.117
-60.655
-60.142
-59.592
-59.017
-58.425
-57.825
-57.217
-56.603
-55.984
-55.365
-54.751
-54.148
-53.559
-52.985
-52.426
-51.882
-51.349
-50.827
-50.314
-49.807
-49.306
-48.811
-48.324
-47.847
-47.381
-46.928
-46.489
-46.064
-45.654
-45.259
-44.879
-44.514
-44.165
-43.832
-43.515
-43.216
-42.935
-42.673
-42.432
-42.21
-42.011
-41.833
-41.679
-41.547
-41.439
-41.355
-41.295
-41.26
-41.25
-41.264
-41.303
-41.366
-41.452
-41.561
-41.691
-41.841
-42.01
-42.195
-42.394
-42.606
-42.829
-43.06
-43.297
-43.538
-43.779
-44.02
-44.257
-44.487
-44.708
-44.918
-45.113
-45.292
-45.451
-45.59
-45.705
-45.795
-45.859
-45.895
-45.902
-45.878
-45.824
-45.739
-45.622
-45.473
-45.294
-45.083
-44.843
-44.574
-44.277
-43.954
-43.608
-43.238
-42.849
-42.442
-42.018
-41.582
-41.136
-40.681
-40.222
-39.761
-39.3
-38.844
-38.394
-37.954
-37.525
-37.112
-36.716
-36.339
-35.984
-35.653
-35.347
-35.068
-34.818
-34.597
-34.406
-34.246
-34.117
-34.018
-33.949
-33.909
-33.897
-33.911
-33.95
-34.011
-34.093
-34.191
-34.305
-34.43
-34.564
-34.704
-34.844
-34.983
-35.116
-35.238
-35.347
-35.438
-35.506
-35.548
-35.56
-35.537
-35.476
-35.372
-35.223
-35.025
-34.774
-34.468
-34.104
-33.681
-33.196
-32.65
-32.041
-31.372
-30.642
-29.855
-29.013
-28.12
-27.179
-26.194
-25.169
-24.108
-23.017
-21.9
-20.762
-19.609
-18.448
-17.285
-16.128
-14.984
-13.86
-12.762
-11.697
-10.671
-9.689
-8.757
-7.881
-7.068
-6.323
-5.654
-5.066
-4.559
-4.131
-3.779
-3.497
-3.275
-3.1
-2.955
-2.827
-2.704
-2.574
-2.426
-2.244
-2.011
-1.71
-1.321
-0.835
-0.248
0.439
1.223
2.09
3.024
3.985
4.927
5.808
6.588
7.234
7.703
7.924
7.832
7.363
6.474
5.158
3.399
1.167
-1.562
-4.809
-8.557
-12.692
-17.117
-21.812
-26.651
-31.451
-35.921
-39.519
-41.782
-42.568
-41.766
-39.253
-35.186
-29.718
-23.179
-16.66
-11.211
-7.194
-4.873
-3.829
-2.651
-0.535
3.391
10.268
19.566
30.685
43.722
59.187
80.212
110.288
150.794
200.435
252.984
300.597
335.709
350.375
339.875
301.403
234.955
147.074
45.961
-61.083
-169.95
-280.606
-389.557
-498.118
-608.529
-692.652
-720.747
-710.519
-686.049
-642.398
-578.827
-505.042
-426.059
-346.495
-271.603
-207.177
-157.757
-123.174
-100.182
-84.013
-71.308
-60.893
-53.312
-49.354
-47.307
-45.043
-41.101
-34.174
-24.462
-13.023
-0.499
11.982
22.78
31.123
36.684
39.364
39.692
38.206
35.266
31.52
27.774
24.532
22.141
20.787
20.385
20.889
22.287
24.467
27.302
30.675
34.464
38.579
42.958
47.515
52.143
56.738
61.193
65.417
69.335
72.879
76.01
78.712
80.99
82.87
84.381
85.562
86.464
87.141
87.65
88.046
88.38
88.701
89.061
89.51
90.093
90.85
91.812
93.001
94.434
96.124
98.077
100.29
102.756
105.459
108.385
111.518
114.837
118.314
121.924
125.646
129.457
133.343
137.284
141.254
145.232
149.194
153.125
157.017
160.866
164.668
168.432
172.172
175.91
179.681
183.502
187.377
191.298
195.25
199.225
203.216
207.208
211.175
215.086
218.903
222.583
226.081
229.329
232.235
234.704
236.631
237.933
238.555
238.452
237.587
235.923
233.424
230.071
225.864
220.811
214.92
208.207
200.702
192.47
183.611
174.23
164.441
154.348
144.035
133.586
123.091
112.643
102.335
92.256
82.479
73.074
64.118
55.683
47.826
40.572
33.917
27.847
22.343
17.386
12.961
9.044
5.596
2.575
-0.07
-2.399
-4.463
-6.31
-7.999
-9.587
-11.118
-12.626
-14.123
-15.616
-17.109
-18.608
-20.114
-21.624
-23.124
-24.598
-26.025
-27.374
-28.619
-29.744
-30.726
-31.55
-32.203
-32.679
-32.981
-33.12
-33.105
-32.947
-32.656
-32.245
-31.731
-31.132
-30.47
-29.769
-29.049
-28.326
-27.614
-26.925
-26.27
-25.654
-25.083
-24.554
-24.067
-23.623
-23.222
-22.864
-22.549
-22.274
-22.037
-21.835
-21.664
-21.524
-21.413
-21.329
-21.272
-21.24
-21.233
-21.253
-21.3
-21.371
-21.467
-21.586
-21.726
-21.885
-22.063
-22.256
-22.464
-22.685
-22.917
-23.161
-23.414
-23.677
-23.949
-24.228
-24.514
-24.807
-25.106
-25.41
-25.72
-26.034
-26.352
-26.673
-26.998
-27.325
-27.653
-27.981
-28.309
-28.635
-28.958
-29.278
-29.593
-29.903
-30.206
-30.501
-30.788
-31.065
-31.332
-31.589
-31.833
-32.065
-32.284
-32.488
-32.678
-32.851
-33.009
-33.15
-33.273
-33.379
-33.467
-33.536
-33.588
-33.621
-33.636
-33.635
-33.616
-33.581
-33.531
-33.467
-33.39
-33.3
-33.2
-33.091
-32.975
-32.852
-32.726
-32.598
-32.47
-32.343
-32.22
-32.103
-31.993
-31.892
-31.804
-31.728
-31.668
-31.625
-31.601
-31.598
-31.617
-31.66
-31.729
-31.824
-31.948
-32.101
-32.284
-32.498
-32.744
-33.022
-33.332
-33.675
-34.05
-34.458
-34.897
-35.366
-35.865
-36.391
-36.944
-37.52
-38.118
-38.735
-39.369
-40.016
-40.674
-41.339
-42.009
-42.679
-43.346
-44.006
-44.656
-45.29
-45.905
-46.497
-47.061
-47.593
-48.089
-48.543
-48.953
-49.313
-49.619
-49.867
-50.053
-50.174
-50.224
-50.203
-50.106
-49.932
-49.68
-49.349
-48.94
-48.452
-47.889
-47.251
-46.542
-45.763
-44.917
-44.009
-43.041
-42.017
-40.942
-39.82
-38.66
-37.467
-36.248
-35.012
-33.764
-32.512
-31.265
-30.03
-28.812
-27.616
-26.449
-25.321
-24.241
-23.219
-22.263
-21.372
-20.546
-19.786
-19.088
-18.447
-17.853
-17.289
-16.742
-16.207
-15.678
-15.154
-14.626
-14.074
-13.483
-12.836
-12.126
-11.356
-10.53
-9.645
-8.71
-7.74
-6.762
-5.825
-4.968
-4.211
-3.578
-3.09
-2.787
-2.74
-3.014
-3.657
-4.698
-6.125
-7.94
-10.184
-12.879
-16.046
-19.679
-23.653
-27.891
-32.397
-37.059
-41.721
-46.132
-49.755
-52.134
-53.139
-52.631
-50.576
-47.236
-42.683
-37.176
-31.672
-27.029
-23.689
-22.05
-21.648
-21.082
-19.708
-16.766
-11.361
-4.107
4.681
15.403
28.44
46.227
72.049
107.267
151.562
200.889
248.438
287.602
310.884
312.229
287.573
234.76
157.436
62.95
-41.207
-148.689
-258.499
-370.69
-478.659
-580.526
-675.873
-739.634
-749.242
-723.332
-684.243
-629.817
-559.97
-484.22
-409.228
-338.42
-275.259
-222.312
-180.506
-148.549
-123.37
-102.919
-86.406
-74.112
-67.271
-65.003
-64.36
-63.005
-59.308
-52.799
-44.259
-34.339
-23.426
-12.445
-2.793
4.625
9.398
11.532
11.591
10.089
7.365
3.999
0.73
-1.934
-3.658
-4.286
-3.922
-2.653
-0.522
2.354
5.839
9.82
14.177
18.815
23.673
28.658
33.666
38.608
43.384
47.915
52.138
55.997
59.462
62.536
65.235
67.59
69.637
71.414
72.966
74.35
75.619
76.827
78.024
79.253
80.56
81.99
83.583
85.377
87.394
89.645
92.138
94.874
97.856
101.084
104.552
108.242
112.139
116.229
120.494
124.918
129.475
134.133
138.859
143.623
148.404
153.189
157.961
162.701
167.39
172.008
176.543
180.996
185.36
189.626
193.787
197.839
201.792
205.671
209.49
213.253
216.952
220.563
224.067
227.445
230.671
233.715
236.539
239.092
241.338
243.249
244.786
245.907
246.556
246.656
246.151
245.002
243.177
240.667
237.467
233.577
229.021
223.832
218.045
211.707
204.851
197.513
189.747
181.618
173.203
164.605
155.911
147.207
138.588
130.133
121.905
113.962
106.339
99.064
92.173
85.703
79.69
74.164
69.132
64.593
60.539
56.944
53.773
50.982
48.505
46.287
44.29
42.483
40.846
39.358
37.987
36.694
35.449
34.228
33.016
31.8
30.566
29.31
28.041
26.781
25.566
24.423
23.364
22.391
21.505
20.707
20.003
19.4
18.894
18.478
18.148
17.898
17.726
17.625
17.58
17.567
17.56
17.537
17.486
17.397
17.263
17.076
16.829
16.52
16.151
15.725
15.241
14.701
14.103
13.448
12.741
11.99
11.2
10.377
9.526
8.652
7.759
6.851
5.931
5.002
4.065
3.12
2.172
1.221
0.273
-0.672
-1.612
-2.543
-3.465
-4.374
-5.27
-6.151
-7.018
-7.87
-8.707
-9.529
-10.336
-11.129
-11.908
-12.675
-13.431
-14.176
-14.912
-15.642
-16.365
-17.084
-17.799
-18.514
-19.228
-19.942
-20.659
-21.378
-22.1
-22.826
-23.555
-24.288
-25.025
-25.765
-26.508
-27.253
-28
-28.747
-29.493
-30.236
-30.976
-31.709
-32.435
-33.151
-33.856
-34.546
-35.221
-35.878
-36.515
-37.13
-37.721
-38.286
-38.824
-39.333
-39.812
-40.259
-40.673
-41.054
-41.401
-41.713
-41.992
-42.237
-42.449
-42.629
-42.778
-42.898
-42.99
-43.058
-43.102
-43.127
-43.135
-43.128
-43.111
-43.087
-43.06
-43.032
-43.009
-42.993
-42.988
-42.998
-43.026
-43.075
-43.15
-43.253
-43.387
-43.554
-43.757
-43.998
-44.279
-44.6
-44.962
-45.366
-45.811
-46.295
-46.818
-47.378
-47.973
-48.599
-49.253
-49.932
-50.631
-51.346
-52.07
-52.8
-53.528
-54.248
-54.955
-55.64
-56.298
-56.922
-57.505
-58.039
-58.518
-58.935
-59.283
-59.555
-59.746
-59.849
-59.858
-59.77
-59.579
-59.283
-58.879
-58.366
-57.743
-57.012
-56.173
-55.229
-54.182
-53.037
-51.798
-50.47
-49.058
-47.568
-46.008
-44.386
-42.711
-40.993
-39.242
-37.468
-35.682
-33.895
-32.116
-30.357
-28.627
-26.935
-25.293
-23.712
-22.203
-20.78
-19.45
-18.217
-17.086
-16.058
-15.133
-14.306
-13.568
-12.905
-12.308
-11.767
-11.275
-10.824
-10.396
-9.974
-9.543
-9.086
-8.595
-8.069
-7.5
-6.885
-6.233
-5.559
-4.893
-4.285
-3.764
-3.366
-3.129
-3.09
-3.321
-3.887
-4.841
-6.223
-8.033
-10.274
-12.992
-16.218
-19.983
-24.292
-29.032
-34.101
-39.476
-45.025
-50.554
-55.79
-60.185
-63.266
-64.899
-64.947
-63.349
-60.33
-55.979
-50.591
-45.073
-40.233
-36.473
-34.078
-32.889
-31.903
-30.217
-26.905
-20.24
-9.832
3.119
18.07
33.968
51.618
75.422
108.136
150.767
200.788
250.53
292.1
317.255
319.198
294.361
241.637
165.171
72.423
-29.297
-134.513
-241.952
-351.781
-460.594
-560.678
-641.719
-693.665
-711.786
-697.575
-655.625
-594.074
-521.623
-445.242
-372.306
-307.651
-253.611
-211.411
-179.526
-155.022
-135.106
-118.218
-104.132
-93.554
-87.063
-83.092
-79.269
-73.934
-65.882
-55.158
-42.781
-29.444
-15.99
-3.759
6.359
13.917
18.684
20.962
21.275
19.992
17.677
15.075
12.678
10.821
9.718
9.357
9.734
10.876
12.709
15.123
18.03
21.336
24.983
28.934
33.117
37.441
41.806
46.114
50.296
54.293
58.05
61.519
64.651
67.422
69.841
71.929
73.718
75.246
76.55
77.676
78.682
79.623
80.551
81.517
82.558
83.711
85.013
86.501
88.21
90.173
92.404
94.908
97.687
100.737
104.047
107.604
111.381
115.347
119.477
123.749
128.147
132.657
137.256
141.917
146.615
151.324
156.024
160.704
165.354
169.964
174.536
179.081
183.616
188.17
192.756
197.367
201.996
206.619
211.22
215.79
220.307
224.743
229.067
233.237
237.21
240.945
244.378
247.424
249.996
251.995
253.347
254.001
253.915
253.061
251.412
248.937
245.621
241.462
236.463
230.636
223.999
216.569
208.4
199.577
190.192
180.346
170.131
159.623
148.899
138.035
127.107
116.2
105.398
94.778
84.418
74.395
64.779
55.644
47.034
38.961
31.436
24.455
18.014
12.111
6.736
1.873
-2.504
-6.427
-9.942
-13.102
-15.962
-18.573
-20.988
-23.26
-25.43
-27.524
-29.562
-31.554
-33.509
-35.436
-37.338
-39.214
-41.057
-42.856
-44.59
-46.228
-47.745
-49.124
-50.347
-51.398
-52.27
-52.956
-53.462
-53.797
-53.974
-54.004
-53.9
-53.674
-53.344
-52.93
-52.453
-51.941
-51.414
-50.891
-50.385
-49.91
-49.475
-49.089
-48.756
-48.474
-48.244
-48.064
-47.937
-47.861
-47.836
-47.859
-47.926
-48.033
-48.176
-48.353
-48.561
-48.796
-49.056
-49.338
-49.641
-49.964
-50.304
-50.659
-51.026
-51.402
-51.782
-52.164
-52.545
-52.92
-53.287
-53.642
-53.984
-54.31
-54.619
-54.908
-55.175
-55.419
-55.639
-55.834
-56.002
-56.144
-56.258
-56.344
-56.401
-56.43
-56.43
-56.402
-56.345
-56.259
-56.145
-56.004
-55.836
-55.641
-55.42
-55.175
-54.907
-54.616
-54.305
-53.974
-53.626
-53.261
-52.883
-52.491
-52.089
-51.678
-51.259
-50.835
-50.408
-49.979
-49.551
-49.126
-48.706
-48.294
-47.891
-47.501
-47.124
-46.765
-46.425
-46.106
-45.811
-45.54
-45.297
-45.081
-44.895
-44.738
-44.612
-44.518
-44.454
-44.421
-44.419
-44.447
-44.503
-44.587
-44.697
-44.83
-44.985
-45.158
-45.347
-45.548
-45.758
-45.973
-46.188
-46.4
-46.604
-46.795
-46.967
-47.115
-47.235
-47.321
-47.367
-47.369
-47.322
-47.222
-47.066
-46.85
-46.572
-46.231
-45.826
-45.357
-44.822
-44.222
-43.558
-42.831
-42.043
-41.194
-40.289
-39.332
-38.325
-37.275
-36.187
-35.067
-33.921
-32.755
-31.577
-30.393
-29.208
-28.029
-26.866
-25.727
-24.619
-23.552
-22.533
-21.564
-20.652
-19.798
-19
-18.255
-17.555
-16.886
-16.243
-15.618
-15.003
-14.39
-13.762
-13.107
-12.416
-11.677
-10.886
-10.04
-9.13
-8.155
-7.126
-6.057
-4.983
-3.948
-2.982
-2.125
-1.42
-0.915
-0.684
-0.789
-1.279
-2.184
-3.501
-5.254
-7.5
-10.294
-13.69
-17.68
-22.141
-26.984
-32.181
-37.61
-43.107
-48.313
-52.603
-55.617
-57.303
-57.634
-56.687
-54.506
-50.937
-46.395
-41.929
-38.081
-35.097
-32.932
-30.87
-28.56
-25.946
-21.749
-14.058
-1.836
14.84
34.155
53.544
72.828
95.122
124.134
161.783
206.361
251.393
288.562
310.014
309.253
282.178
228.282
152.195
61.093
-37.615
-138.618
-241.885
-347.88
-452.24
-546.987
-621.583
-666.398
-679.565
-664.734
-626.768
-573.212
-510.265
-442.413
-375.818
-314.891
-261.832
-218.029
-182.397
-152.216
-125.782
-102.467
-82.985
-69.105
-61.258
-57.897
-56.062
-53.132
-48.076
-40.909
-32.29
-22.849
-12.843
-2.981
5.461
11.671
15.329
16.471
15.615
13.228
9.621
5.329
1.046
-2.734
-5.684
-7.64
-8.673
-8.844
-8.17
-6.749
-4.699
-2.126
0.858
4.159
7.713
11.431
15.214
18.972
22.607
26.035
29.189
32.006
34.454
36.531
38.248
39.631
40.713
41.532
42.137
42.584
42.928
43.221
43.514
43.849
44.278
44.845
45.594
46.56
47.77
49.241
50.987
53.016
55.332
57.928
60.794
63.915
67.271
70.847
74.618
78.558
82.642
86.844
91.142
95.517
99.945
104.402
108.868
113.316
117.73
122.101
126.422
130.689
134.911
139.096
143.259
147.424
151.6
155.785
159.974
164.154
168.315
172.447
176.527
180.532
184.435
188.198
191.78
195.13
198.173
200.83
203.018
204.645
205.646
205.971
205.571
204.406
202.438
199.643
196.014
191.557
186.276
180.182
173.298
165.673
157.39
148.544
139.236
129.576
119.654
109.564
99.405
89.28
79.294
69.533
60.067
50.961
42.281
34.107
26.496
19.481
13.063
7.229
1.963
-2.756
-6.946
-10.641
-13.888
-16.746
-19.28
-21.537
-23.557
-25.378
-27.044
-28.612
-30.129
-31.618
-33.091
-34.549
-35.996
-37.437
-38.876
-40.3
-41.685
-43.005
-44.223
-45.323
-46.291
-47.115
-47.784
-48.284
-48.604
-48.745
-48.719
-48.536
-48.207
-47.74
-47.142
-46.433
-45.636
-44.776
-43.878
-42.963
-42.045
-41.139
-40.257
-39.409
-38.604
-37.845
-37.131
-36.463
-35.84
-35.265
-34.738
-34.257
-33.817
-33.415
-33.045
-32.704
-32.387
-32.091
-31.811
-31.545
-31.289
-31.042
-30.801
-30.566
-30.332
-30.097
-29.856
-29.607
-29.346
-29.071
-28.776
-28.461
-28.122
-27.757
-27.364
-26.943
-26.492
-26.011
-25.498
-24.953
-24.377
-23.769
-23.13
-22.462
-21.765
-21.04
-20.289
-19.514
-18.717
-17.9
-17.064
-16.211
-15.345
-14.466
-13.578
-12.682
-11.782
-10.88
-9.977
-9.077
-8.183
-7.297
-6.42
-5.557
-4.709
-3.877
-3.066
-2.275
-1.508
-0.766
-0.052
0.634
1.289
1.913
2.502
3.057
3.576
4.057
4.5
4.903
5.266
5.586
5.864
6.099
6.289
6.435
6.535
6.59
6.598
6.56
6.476
6.345
6.168
5.945
5.676
5.363
5.005
4.606
4.165
3.685
3.168
2.617
2.034
1.422
0.786
0.127
-0.55
-1.241
-1.942
-2.648
-3.355
-4.059
-4.752
-5.431
-6.091
-6.725
-7.327
-7.894
-8.417
-8.893
-9.315
-9.677
-9.973
-10.198
-10.345
-10.411
-10.389
-10.276
-10.067
-9.759
-9.35
-8.837
-8.221
-7.502
-6.681
-5.758
-4.735
-3.617
-2.406
-1.106
0.278
1.744
3.285
4.894
6.564
8.286
10.052
11.854
13.682
15.526
17.377
19.223
21.057
22.872
24.658
26.403
28.094
29.715
31.258
32.717
34.089
35.369
36.557
37.655
38.671
39.62
40.514
41.36
42.16
42.915
43.633
44.329
45.022
45.731
46.467
47.231
48.021
48.842
49.686
50.536
51.364
52.125
52.772
53.278
53.618
53.766
53.696
53.352
52.661
51.569
50.022
48.005
45.534
42.58
39.125
35.162
30.685
25.776
20.588
15.194
9.614
3.961
-1.619
-6.772
-10.909
-13.702
-15.09
-15.054
-13.605
-10.726
-6.361
-0.916
4.508
9.124
12.698
15.283
17.648
20.755
24.971
31.136
40.171
51.134
63.115
75.603
88.635
106.024
131.989
168.064
213.148
261.165
304.342
335.864
348.708
337.921
300.49
236.236
150.853
52.26
-52.819
-160.337
-270.408
-382.375
-490.427
-584.702
-653.693
-689.251
-690.412
-661.803
-611.475
-548.147
-478.118
-406.223
-336.054
-270.368
-212.766
-165.63
-129.663
-103.523
-84.002
-69.19
-57.872
-49.835
-45.388
-42.64
-39.635
-35.227
-28.292
-18.973
-8.195
3.507
15.121
25.102
32.708
37.642
39.809
39.702
37.828
34.53
30.43
26.317
22.697
19.915
18.166
17.376
17.51
18.564
20.434
22.995
26.133
29.722
33.67
37.914
42.366
46.916
51.459
55.884
60.098
64.023
67.589
70.757
73.507
75.845
77.794
79.384
80.651
81.642
82.409
83.007
83.488
83.904
84.301
84.729
85.236
85.867
86.663
87.652
88.85
90.267
91.905
93.766
95.852
98.159
100.677
103.395
106.3
109.383
112.627
116.014
119.515
123.093
126.72
130.372
134.032
137.69
141.333
144.948
148.523
152.047
155.511
158.911
162.233
165.46
168.586
171.611
174.549
177.429
180.265
183.051
185.774
188.411
190.931
193.305
195.489
197.43
199.08
200.396
201.346
201.914
202.07
201.773
200.974
199.606
197.627
195.021
191.779
187.909
183.433
178.382
172.811
166.803
160.423
153.732
146.777
139.592
132.222
124.727
117.169
109.618
102.134
94.759
87.534
80.492
73.653
67.028
60.606
54.354
48.255
42.301
36.49
30.834
25.336
19.992
14.803
9.767
4.882
0.152
-4.424
-8.847
-13.113
-17.214
-21.131
-24.84
-28.322
-31.569
-34.576
-37.344
-39.873
-42.166
-44.227
-46.069
-47.699
-49.127
-50.36
-51.403
-52.266
-52.96
-53.496
-53.89
-54.155
-54.301
-54.341
-54.285
-54.143
-53.924
-53.636
-53.285
-52.877
-52.42
-51.92
-51.386
-50.823
-50.238
-49.638
-49.028
-48.414
-47.799
-47.189
-46.587
-45.994
-45.413
-44.847
-44.297
-43.764
-43.25
-42.754
-42.279
-41.823
-41.387
-40.972
-40.575
-40.198
-39.84
-39.501
-39.179
-38.874
-38.586
-38.315
-38.06
-37.821
-37.598
-37.39
-37.197
-37.018
-36.854
-36.704
-36.567
-36.442
-36.33
-36.23
-36.142
-36.066
-36.001
-35.947
-35.904
-35.872
-35.85
-35.838
-35.836
-35.843
-35.858
-35.882
-35.914
-35.953
-35.999
-36.051
-36.108
-36.17
-36.236
-36.305
-36.377
-36.45
-36.523
-36.596
-36.668
-36.738
-36.806
-36.87
-36.93
-36.985
-37.035
-37.079
-37.117
-37.149
-37.175
-37.194
-37.206
-37.213
-37.214
-37.209
-37.201
-37.188
-37.173
-37.156
-37.139
-37.122
-37.106
-37.093
-37.085
-37.082
-37.087
-37.1
-37.124
-37.16
-37.21
-37.276
-37.358
-37.46
-37.583
-37.728
-37.896
-38.091
-38.312
-38.561
-38.839
-39.147
-39.486
-39.856
-40.258
-40.69
-41.152
-41.645
-42.165
-42.712
-43.285
-43.88
-44.496
-45.131
-45.781
-46.443
-47.116
-47.794
-48.474
-49.152
-49.825
-50.487
-51.134
-51.762
-52.365
-52.939
-53.478
-53.978
-54.433
-54.837
-55.186
-55.474
-55.697
-55.85
-55.928
-55.928
-55.847
-55.683
-55.434
-55.099
-54.678
-54.173
-53.583
-52.912
-52.16
-51.331
-50.428
-49.453
-48.411
-47.305
-46.143
-44.93
-43.673
-42.378
-41.054
-39.708
-38.348
-36.981
-35.617
-34.26
-32.92
-31.606
-30.327
-29.093
-27.914
-26.798
-25.746
-24.763
-23.851
-23.004
-22.222
-21.493
-20.804
-20.149
-19.521
-18.911
-18.314
-17.716
-17.101
-16.459
-15.773
-15.038
-14.257
-13.426
-12.545
-11.631
-10.696
-9.773
-8.908
-8.132
-7.477
-6.98
-6.675
-6.626
-6.9
-7.546
-8.607
-10.089
-11.994
-14.367
-17.243
-20.649
-24.604
-29.019
-33.805
-38.954
-44.343
-49.791
-55.054
-59.615
-63
-65.067
-65.659
-64.709
-62.496
-59.096
-54.721
-50.283
-46.584
-43.988
-42.906
-42.877
-42.362
-40.607
-36.92
-30.539
-22.29
-12.725
-1.036
13.798
34.134
63.185
101.362
146.814
195.896
242.5
281.54
308.4
317.223
302.971
261.609
192.564
102.101
-1.974
-114.724
-226.803
-327.816
-426.57
-541.407
-658.521
-733.597
-748.752
-730.24
-698.918
-650.844
-586.484
-514.999
-441.469
-368.336
-299.299
-239.305
-191.731
-157.284
-133.691
-116.857
-104.244
-94.421
-87.453
-83.921
-81.964
-79.624
-75.699
-68.956
-59.562
-48.506
-36.353
-24.208
-13.687
-5.555
-0.127
2.52
2.916
1.59
-1.096
-4.514
-7.884
-10.714
-12.678
-13.602
-13.575
-12.651
-10.847
-8.276
-5.062
-1.32
2.833
7.306
12.037
16.939
21.903
26.828
31.608
36.156
40.402
44.28
47.756
50.816
53.469
55.743
57.666
59.277
60.623
61.757
62.732
63.603
64.42
65.231
66.083
67.025
68.099
69.347
70.795
72.459
74.349
76.471
78.829
81.427
84.26
87.315
90.582
94.048
97.697
101.519
105.489
109.577
113.752
117.985
122.254
126.546
130.847
135.139
139.405
143.627
147.794
151.911
155.972
159.97
163.899
167.752
171.538
175.28
178.996
182.692
186.364
189.986
193.534
196.989
200.319
203.489
206.447
209.123
211.463
213.428
214.976
216.069
216.655
216.66
216.029
214.726
212.732
210.053
206.695
202.667
197.999
192.741
186.962
180.751
174.181
167.307
160.188
152.879
145.448
137.985
130.556
123.215
116.006
108.962
102.113
95.493
89.115
82.973
77.049
71.313
65.749
60.357
55.131
50.071
45.17
40.413
35.796
31.327
27.007
22.843
18.836
14.984
11.295
7.787
4.475
1.381
-1.482
-4.113
-6.508
-8.667
-10.592
-12.287
-13.759
-15.022
-16.088
-16.968
-17.671
-18.206
-18.586
-18.825
-18.937
-18.939
-18.841
-18.658
-18.4
-18.08
-17.708
-17.293
-16.842
-16.362
-15.861
-15.346
-14.823
-14.301
-13.784
-13.279
-12.791
-12.325
-11.885
-11.474
-11.094
-10.747
-10.434
-10.155
-9.91
-9.698
-9.519
-9.372
-9.253
-9.163
-9.098
-9.057
-9.036
-9.034
-9.047
-9.073
-9.11
-9.154
-9.204
-9.257
-9.312
-9.366
-9.418
-9.465
-9.507
-9.541
-9.567
-9.583
-9.588
-9.581
-9.562
-9.53
-9.485
-9.427
-9.356
-9.273
-9.179
-9.074
-8.959
-8.835
-8.703
-8.565
-8.422
-8.274
-8.124
-7.972
-7.821
-7.671
-7.523
-7.38
-7.242
-7.111
-6.987
-6.871
-6.765
-6.669
-6.585
-6.512
-6.452
-6.405
-6.372
-6.353
-6.348
-6.359
-6.385
-6.426
-6.484
-6.557
-6.646
-6.751
-6.873
-7.011
-7.166
-7.338
-7.526
-7.732
-7.954
-8.193
-8.449
-8.721
-9.011
-9.317
-9.639
-9.978
-10.333
-10.705
-11.092
-11.495
-11.914
-12.349
-12.799
-13.264
-13.744
-14.239
-14.748
-15.272
-15.809
-16.359
-16.921
-17.496
-18.081
-18.676
-19.279
-19.889
-20.505
-21.123
-21.742
-22.36
-22.974
-23.581
-24.179
-24.765
-25.337
-25.891
-26.424
-26.934
-27.416
-27.869
-28.288
-28.671
-29.013
-29.311
-29.562
-29.763
-29.91
-30
-30.029
-29.995
-29.893
-29.722
-29.479
-29.161
-28.767
-28.295
-27.745
-27.117
-26.411
-25.63
-24.776
-23.852
-22.862
-21.81
-20.701
-19.538
-18.327
-17.074
-15.782
-14.458
-13.11
-11.744
-10.369
-8.993
-7.624
-6.271
-4.943
-3.648
-2.394
-1.189
-0.037
1.052
2.068
3.002
3.843
4.585
5.227
5.765
6.199
6.533
6.771
6.925
7.014
7.048
7.037
6.989
6.909
6.812
6.72
6.65
6.62
6.641
6.711
6.837
7.026
7.268
7.552
7.847
8.103
8.284
8.368
8.322
8.116
7.698
6.985
5.917
4.44
2.527
0.19
-2.594
-5.87
-9.66
-13.99
-18.803
-23.954
-29.36
-35.006
-40.792
-46.567
-51.972
-56.397
-59.48
-61.145
-61.373
-60.192
-57.55
-53.316
-47.922
-42.508
-37.874
-34.366
-31.639
-28.536
-24.403
-19.078
-12.516
-4.75
4.232
14.542
26.968
43.05
65.441
96.838
137.64
185.472
234.941
279.296
311.959
325.944
315.964
278.793
214.21
128.349
28.838
-78.503
-189.185
-303.069
-418.429
-527.467
-620.666
-687.162
-719.673
-718.902
-689.25
-638.055
-573.62
-501.559
-427.038
-354.58
-287.719
-230.635
-185.69
-152.845
-129.797
-112.67
-99.313
-88.755
-81.242
-77.317
-75.092
-72.514
-68.315
-61.374
-51.933
-40.977
-29.078
-17.255
-7.032
0.857
6.121
8.683
9.052
7.743
5.094
1.708
-1.659
-4.529
-6.582
-7.644
-7.803
-7.108
-5.576
-3.312
-0.44
2.927
6.67
10.701
14.959
19.361
23.806
28.2
32.441
36.448
40.153
43.496
46.444
48.988
51.137
52.918
54.363
55.513
56.419
57.138
57.725
58.236
58.722
59.232
59.816
60.524
61.398
62.479
63.795
65.367
67.21
69.336
71.75
74.447
77.421
80.655
84.135
87.842
91.756
95.852
100.104
104.488
108.983
113.568
118.219
122.913
127.628
132.338
137.024
141.677
146.29
150.858
155.387
159.884
164.363
168.847
173.34
177.841
182.345
186.837
191.308
195.746
200.129
204.432
208.628
212.678
216.539
220.16
223.462
226.368
228.793
230.647
231.864
232.392
232.182
231.192
229.383
226.73
223.225
218.871
213.674
207.642
200.801
193.199
184.919
176.059
166.718
157.003
147.007
136.821
126.544
116.279
106.128
96.177
86.496
77.149
68.203
59.734
51.801
44.433
37.632
31.382
25.667
20.468
15.768
11.532
7.715
4.262
1.112
-1.782
-4.455
-6.944
-9.29
-11.546
-13.757
-15.944
-18.113
-20.265
-22.4
-24.52
-26.628
-28.707
-30.734
-32.679
-34.508
-36.203
-37.749
-39.134
-40.346
-41.368
-42.19
-42.813
-43.247
-43.501
-43.586
-43.508
-43.277
-42.912
-42.435
-41.871
-41.245
-40.576
-39.881
-39.173
-38.468
-37.774
-37.104
-36.46
-35.844
-35.258
-34.705
-34.189
-33.711
-33.272
-32.869
-32.502
-32.166
-31.862
-31.586
-31.337
-31.114
-30.915
-30.74
-30.589
-30.461
-30.357
-30.274
-30.21
-30.164
-30.133
-30.114
-30.105
-30.103
-30.106
-30.111
-30.117
-30.122
-30.124
-30.123
-30.115
-30.101
-30.078
-30.047
-30.006
-29.954
-29.892
-29.82
-29.736
-29.642
-29.538
-29.424
-29.3
-29.167
-29.026
-28.877
-28.721
-28.558
-28.39
-28.218
-28.042
-27.865
-27.686
-27.508
-27.332
-27.159
-26.989
-26.825
-26.666
-26.514
-26.369
-26.231
-26.102
-25.981
-25.868
-25.764
-25.669
-25.582
-25.505
-25.436
-25.375
-25.323
-25.278
-25.24
-25.209
-25.184
-25.164
-25.148
-25.136
-25.127
-25.12
-25.114
-25.107
-25.1
-25.091
-25.079
-25.064
-25.044
-25.018
-24.987
-24.95
-24.907
-24.857
-24.802
-24.741
-24.675
-24.604
-24.53
-24.451
-24.371
-24.287
-24.203
-24.118
-24.033
-23.95
-23.87
-23.794
-23.723
-23.66
-23.606
-23.562
-23.529
-23.509
-23.504
-23.516
-23.544
-23.592
-23.659
-23.748
-23.859
-23.992
-24.148
-24.326
-24.525
-24.743
-24.98
-25.233
-25.499
-25.775
-26.058
-26.347
-26.638
-26.928
-27.217
-27.501
-27.777
-28.044
-28.298
-28.533
-28.744
-28.926
-29.072
-29.175
-29.231
-29.235
-29.18
-29.064
-28.884
-28.638
-28.32
-27.927
-27.452
-26.89
-26.241
-25.508
-24.694
-23.811
-22.871
-21.888
-20.88
-19.857
-18.827
-17.793
-16.749
-15.691
-14.614
-13.518
-12.41
-11.296
-10.181
-9.065
-7.947
-6.814
-5.647
-4.424
-3.12
-1.722
-0.227
1.353
2.997
4.674
6.345
7.982
9.571
11.103
12.581
13.999
15.345
16.597
17.725
18.695
19.475
20.045
20.395
20.532
20.472
20.246
19.909
19.495
19.022
18.49
17.869
17.139
16.296
15.336
14.258
13.054
11.694
10.148
8.393
6.407
4.194
1.725
-1.078
-4.264
-7.88
-11.935
-16.313
-20.943
-25.83
-30.86
-35.875
-40.63
-44.603
-47.356
-48.767
-48.691
-47.082
-44.187
-40.045
-34.888
-29.648
-25.17
-21.909
-20.295
-19.807
-18.958
-17.127
-13.59
-7.677
-0.373
8.043
18.185
30.847
49.163
76.598
114.217
161.067
212.178
260.067
298.013
319.355
319.025
293.945
242.694
167.8
75.285
-28.424
-138.738
-252.993
-366.153
-475.797
-588.573
-688.66
-734.031
-722.93
-693.298
-656.661
-603.258
-535.432
-461.935
-387.915
-317.054
-254.513
-203.964
-166.123
-139.002
-118.043
-100.216
-84.795
-72.405
-64.844
-61.658
-60.012
-57.635
-52.985
-45.692
-36.622
-26.478
-15.66
-5.041
4.087
10.917
15.12
16.771
16.465
14.721
11.88
8.499
5.265
2.658
1.004
0.429
0.818
2.079
4.159
6.947
10.327
14.189
18.413
22.906
27.596
32.393
37.199
41.914
46.436
50.672
54.545
58.008
61.044
63.658
65.872
67.715
69.221
70.432
71.405
72.194
72.854
73.434
73.981
74.544
75.178
75.932
76.852
77.97
79.306
80.877
82.693
84.764
87.092
89.67
92.485
95.524
98.775
102.221
105.843
109.615
113.511
117.508
121.582
125.717
129.889
134.078
138.263
142.421
146.536
150.603
154.618
158.577
162.492
166.37
170.228
174.092
177.97
181.864
185.77
189.678
193.581
197.469
201.32
205.114
208.824
212.41
215.828
219.024
221.918
224.431
226.483
227.981
228.858
229.064
228.547
227.268
225.191
222.284
218.537
213.949
208.517
202.255
195.192
187.377
178.899
169.85
160.323
150.43
140.262
129.907
119.464
109.028
98.691
88.554
78.701
69.204
60.145
51.597
43.617
36.239
29.466
23.291
17.704
12.684
8.213
4.268
0.809
-2.208
-4.831
-7.123
-9.14
-10.927
-12.54
-14.037
-15.459
-16.841
-18.198
-19.534
-20.857
-22.171
-23.476
-24.772
-26.045
-27.278
-28.453
-29.539
-30.513
-31.361
-32.065
-32.609
-32.985
-33.19
-33.228
-33.113
-32.858
-32.473
-31.973
-31.372
-30.688
-29.942
-29.158
-28.359
-27.567
-26.8
-26.071
-25.394
-24.779
-24.232
-23.757
-23.354
-23.02
-22.757
-22.562
-22.436
-22.376
-22.376
-22.433
-22.542
-22.696
-22.892
-23.125
-23.391
-23.684
-24.003
-24.342
-24.7
-25.073
-25.457
-25.849
-26.243
-26.636
-27.023
-27.401
-27.765
-28.113
-28.441
-28.747
-29.029
-29.286
-29.516
-29.718
-29.891
-30.037
-30.154
-30.243
-30.306
-30.343
-30.357
-30.349
-30.32
-30.274
-30.212
-30.137
-30.051
-29.957
-29.857
-29.753
-29.65
-29.548
-29.45
-29.359
-29.278
-29.208
-29.152
-29.112
-29.088
-29.084
-29.099
-29.134
-29.191
-29.269
-29.369
-29.489
-29.63
-29.791
-29.97
-30.166
-30.378
-30.605
-30.844
-31.094
-31.352
-31.616
-31.885
-32.155
-32.424
-32.69
-32.951
-33.204
-33.447
-33.677
-33.893
-34.092
-34.273
-34.433
-34.571
-34.686
-34.777
-34.843
-34.882
-34.896
-34.883
-34.845
-34.781
-34.693
-34.581
-34.447
-34.292
-34.118
-33.927
-33.72
-33.501
-33.271
-33.033
-32.789
-32.544
-32.298
-32.055
-31.819
-31.592
-31.376
-31.175
-30.992
-30.828
-30.686
-30.569
-30.479
-30.418
-30.386
-30.384
-30.414
-30.476
-30.568
-30.69
-30.842
-31.021
-31.225
-31.453
-31.701
-31.965
-32.244
-32.534
-32.83
-33.129
-33.425
-33.715
-33.993
-34.255
-34.495
-34.707
-34.884
-35.022
-35.113
-35.153
-35.136
-35.057
-34.909
-34.689
-34.393
-34.02
-33.563
-33.02
-32.388
-31.664
-30.852
-29.957
-28.981
-27.928
-26.802
-25.608
-24.354
-23.049
-21.694
-20.292
-18.845
-17.355
-15.833
-14.291
-12.737
-11.186
-9.639
-8.098
-6.572
-5.07
-3.592
-2.147
-0.731
0.657
1.994
3.265
4.457
5.553
6.553
7.465
8.285
9.024
9.689
10.278
10.803
11.274
11.687
12.053
12.372
12.637
12.878
13.112
13.352
13.62
13.918
14.235
14.569
14.89
15.157
15.347
15.419
15.333
15.055
14.518
13.669
12.476
10.898
8.931
6.549
3.692
0.314
-3.631
-8.131
-13.064
-18.34
-23.934
-29.717
-35.54
-41.085
-45.757
-49.225
-51.431
-52.306
-51.912
-50.314
-47.309
-43.179
-38.911
-35.089
-32.04
-29.931
-27.841
-24.664
-20.35
-14.226
-5.744
3.645
13.612
24.341
35.989
52.477
78.077
114.355
160.704
211.806
259.527
295.809
313.033
305.659
270.261
208.143
125.959
31.92
-65.796
-164.767
-266.826
-369.503
-474.867
-583.768
-667.974
-698.632
-692.453
-673.337
-637.162
-583.006
-519.911
-451.876
-381.694
-313.372
-251.531
-199.951
-160.393
-131.743
-109.973
-92.202
-77.25
-65.252
-57.863
-54.655
-52.936
-50.581
-46.04
-38.874
-29.929
-19.904
-9.219
1.236
10.208
16.918
21.045
22.66
22.32
20.523
17.609
14.114
10.707
7.849
5.838
4.812
4.685
5.38
6.866
9.043
11.79
15.006
18.581
22.422
26.473
30.65
34.855
39.004
43.007
46.785
50.281
53.437
56.221
58.632
60.684
62.403
63.823
64.981
65.922
66.704
67.378
67.998
68.61
69.259
69.99
70.847
71.872
73.103
74.563
76.269
78.231
80.457
82.951
85.713
88.733
91.996
95.487
99.189
103.085
107.155
111.369
115.701
120.124
124.614
129.15
133.712
138.278
142.828
147.338
151.79
156.178
160.499
164.75
168.933
173.053
177.119
181.151
185.157
189.139
193.092
197.007
200.871
204.665
208.369
211.96
215.408
218.676
221.717
224.475
226.888
228.888
230.406
231.365
231.701
231.363
230.306
228.492
225.896
222.509
218.329
213.368
207.641
201.16
193.965
186.117
177.688
168.765
159.439
149.802
139.954
129.988
120.005
110.109
100.386
90.903
81.724
72.9
64.491
56.567
49.168
42.311
36.002
30.228
24.978
20.24
15.984
12.167
8.736
5.622
2.777
0.17
-2.233
-4.462
-6.555
-8.564
-10.525
-12.449
-14.348
-16.226
-18.089
-19.946
-21.792
-23.603
-25.351
-26.999
-28.523
-29.917
-31.171
-32.278
-33.231
-34.015
-34.626
-35.076
-35.37
-35.519
-35.528
-35.403
-35.157
-34.814
-34.398
-33.938
-33.455
-32.961
-32.469
-31.992
-31.54
-31.12
-30.738
-30.392
-30.083
-29.812
-29.58
-29.391
-29.243
-29.132
-29.053
-29.001
-28.973
-28.965
-28.973
-28.995
-29.026
-29.065
-29.111
-29.162
-29.218
-29.276
-29.333
-29.387
-29.434
-29.473
-29.502
-29.516
-29.515
-29.496
-29.459
-29.403
-29.326
-29.229
-29.111
-28.974
-28.816
-28.639
-28.445
-28.234
-28.007
-27.768
-27.517
-27.257
-26.99
-26.719
-26.446
-26.172
-25.901
-25.634
-25.373
-25.121
-24.879
-24.65
-24.435
-24.236
-24.055
-23.893
-23.752
-23.633
-23.536
-23.462
-23.412
-23.387
-23.384
-23.406
-23.451
-23.519
-23.608
-23.718
-23.849
-23.997
-24.164
-24.346
-24.543
-24.752
-24.974
-25.206
-25.447
-25.695
-25.95
-26.21
-26.475
-26.742
-27.012
-27.284
-27.555
-27.827
-28.098
-28.368
-28.637
-28.906
-29.174
-29.441
-29.71
-29.979
-30.251
-30.526
-30.804
-31.087
-31.376
-31.672
-31.975
-32.286
-32.606
-32.935
-33.274
-33.622
-33.979
-34.345
-34.717
-35.096
-35.48
-35.867
-36.254
-36.639
-37.02
-37.396
-37.763
-38.12
-38.463
-38.79
-39.099
-39.385
-39.645
-39.872
-40.06
-40.204
-40.299
-40.34
-40.323
-40.242
-40.095
-39.876
-39.586
-39.224
-38.785
-38.264
-37.657
-36.961
-36.182
-35.328
-34.406
-33.423
-32.383
-31.298
-30.178
-29.035
-27.871
-26.681
-25.46
-24.207
-22.93
-21.645
-20.369
-19.109
-17.863
-16.624
-15.392
-14.171
-12.961
-11.756
-10.542
-9.313
-8.083
-6.883
-5.745
-4.685
-3.703
-2.783
-1.916
-1.102
-0.35
0.323
0.914
1.422
1.845
2.171
2.376
2.448
2.399
2.266
2.08
1.856
1.586
1.238
0.793
0.234
-0.445
-1.248
-2.191
-3.296
-4.582
-6.074
-7.797
-9.772
-12.03
-14.594
-17.473
-20.687
-24.251
-28.167
-32.408
-36.894
-41.503
-46.163
-50.871
-55.56
-60.004
-63.779
-66.426
-67.702
-67.655
-66.396
-63.742
-59.446
-53.587
-46.748
-39.901
-33.787
-28.394
-23.275
-18.082
-12.519
-6.225
1.904
12.44
24.666
37.791
50.321
63.638
82.84
111.506
151.393
199.775
248.165
287.517
309.354
306.482
275.315
217.065
137.782
46.399
-48.693
-144.169
-241.757
-343.202
-445.454
-539.43
-613.179
-656.752
-667.893
-650.856
-612.075
-559.715
-499.33
-434.546
-369.984
-308.974
-255.155
-211.385
-177.708
-152.354
-132.137
-114.9
-100.004
-87.922
-79.555
-73.834
-68.744
-62.81
-54.851
-44.825
-33.633
-21.865
-10.271
-0.064
7.986
13.508
16.331
16.782
15.374
12.489
8.664
4.617
0.849
-2.296
-4.578
-5.976
-6.499
-6.13
-4.94
-3.045
-0.535
2.494
5.956
9.795
13.92
18.222
22.597
26.946
31.176
35.213
38.985
42.43
45.511
48.221
50.57
52.583
54.29
55.729
56.948
58
58.941
59.824
60.699
61.612
62.611
63.738
65.032
66.531
68.264
70.25
72.507
75.042
77.853
80.934
84.276
87.86
91.667
95.675
99.854
104.181
108.634
113.192
117.839
122.551
127.302
132.068
136.823
141.55
146.238
150.882
155.474
160.021
164.538
169.044
173.573
178.138
182.738
187.364
192
196.635
201.262
205.866
210.422
214.9
219.263
223.47
227.477
231.216
234.595
237.517
239.879
241.597
242.619
242.9
242.404
241.09
238.921
235.876
231.951
227.149
221.475
214.939
207.567
199.423
190.605
181.223
171.389
161.209
150.767
140.148
129.446
118.755
108.174
97.794
87.694
77.948
68.639
59.848
51.637
44.035
37.038
30.633
24.802
19.525
14.786
10.562
6.811
3.489
0.545
-2.081
-4.442
-6.586
-8.576
-10.471
-12.318
-14.151
-15.982
-17.816
-19.659
-21.512
-23.375
-25.243
-27.101
-28.929
-30.705
-32.398
-33.983
-35.442
-36.752
-37.894
-38.857
-39.634
-40.226
-40.645
-40.9
-40.999
-40.956
-40.783
-40.496
-40.115
-39.66
-39.154
-38.617
-38.063
-37.505
-36.956
-36.422
-35.911
-35.424
-34.959
-34.516
-34.093
-33.689
-33.304
-32.935
-32.579
-32.232
-31.89
-31.549
-31.208
-30.863
-30.512
-30.155
-29.79
-29.417
-29.036
-28.647
-28.25
-27.844
-27.428
-27.001
-26.564
-26.114
-25.653
-25.18
-24.695
-24.2
-23.695
-23.183
-22.665
-22.142
-21.618
-21.093
-20.57
-20.053
-19.543
-19.044
-18.558
-18.087
-17.635
-17.204
-16.797
-16.415
-16.061
-15.737
-15.444
-15.183
-14.957
-14.766
-14.612
-14.494
-14.414
-14.372
-14.368
-14.401
-14.472
-14.579
-14.722
-14.898
-15.108
-15.348
-15.617
-15.912
-16.231
-16.571
-16.93
-17.304
-17.691
-18.088
-18.492
-18.9
-19.309
-19.717
-20.121
-20.518
-20.906
-21.284
-21.648
-21.997
-22.331
-22.646
-22.943
-23.22
-23.476
-23.713
-23.928
-24.123
-24.299
-24.454
-24.592
-24.712
-24.817
-24.907
-24.985
-25.053
-25.113
-25.167
-25.218
-25.268
-25.32
-25.376
-25.438
-25.509
-25.591
-25.685
-25.793
-25.916
-26.055
-26.212
-26.386
-26.578
-26.789
-27.017
-27.263
-27.524
-27.801
-28.09
-28.39
-28.699
-29.013
-29.331
-29.648
-29.961
-30.266
-30.56
-30.837
-31.093
-31.323
-31.523
-31.688
-31.813
-31.894
-31.927
-31.907
-31.831
-31.697
-31.503
-31.248
-30.93
-30.55
-30.108
-29.603
-29.039
-28.415
-27.734
-26.996
-26.206
-25.368
-24.486
-23.565
-22.61
-21.628
-20.625
-19.609
-18.585
-17.561
-16.541
-15.533
-14.543
-13.581
-12.657
-11.781
-10.961
-10.198
-9.498
-8.862
-8.289
-7.775
-7.309
-6.878
-6.472
-6.085
-5.709
-5.343
-4.971
-4.576
-4.144
-3.659
-3.109
-2.498
-1.818
-1.068
-0.263
0.582
1.434
2.24
2.962
3.567
4.015
4.279
4.305
4.013
3.343
2.234
0.658
-1.375
-3.896
-6.941
-10.529
-14.678
-19.327
-24.314
-29.556
-35.037
-40.636
-46.2
-51.368
-55.534
-58.364
-59.785
-59.759
-58.262
-55.255
-50.683
-44.977
-39.272
-34.388
-30.598
-27.887
-25.45
-22.306
-18.087
-11.869
-3.107
7.044
18.047
29.562
43.085
63.503
94.282
136.595
186.818
236.674
278.757
305.506
311.606
294.101
250.161
182.233
96.71
1.184
-97.251
-197.084
-299.9
-405.354
-508.509
-598.764
-664.356
-697.635
-697.393
-668.212
-617.963
-554.931
-485.519
-414.865
-346.783
-284.135
-230.249
-186.984
-154.478
-131.027
-113.384
-99.763
-89.213
-81.687
-77.47
-74.685
-71.405
-66.525
-59.058
-49.257
-38.057
-26.001
-14.069
-3.716
4.359
9.874
12.76
13.498
12.568
10.3
7.276
4.207
1.55
-0.396
-1.475
-1.742
-1.222
0.086
2.097
4.7
7.788
11.263
15.049
19.093
23.321
27.634
31.938
36.146
40.183
43.992
47.519
50.715
53.552
56.03
58.165
59.984
61.522
62.815
63.908
64.854
65.706
66.513
67.322
68.176
69.115
70.176
71.399
72.817
74.451
76.316
78.419
80.768
83.366
86.214
89.301
92.611
96.128
99.835
103.716
107.749
111.903
116.147
120.451
124.791
129.157
133.533
137.9
142.241
146.533
150.765
154.938
159.046
163.08
167.034
170.9
174.686
178.421
182.12
185.791
189.425
192.989
196.459
199.814
203.021
206.047
208.846
211.353
213.529
215.351
216.783
217.795
218.33
218.303
217.654
216.336
214.32
211.606
208.197
204.09
199.316
193.918
187.947
181.475
174.542
167.16
159.368
151.209
142.751
134.1
125.346
116.566
107.851
99.262
90.859
82.704
74.822
67.222
59.919
52.916
46.242
39.959
34.098
28.682
23.719
19.183
15.053
11.305
7.886
4.753
1.874
-0.783
-3.228
-5.456
-7.477
-9.297
-10.937
-12.439
-13.834
-15.14
-16.381
-17.56
-18.676
-19.723
-20.671
-21.492
-22.173
-22.703
-23.085
-23.331
-23.445
-23.433
-23.303
-23.052
-22.684
-22.201
-21.605
-20.902
-20.106
-19.234
-18.312
-17.367
-16.418
-15.481
-14.568
-13.684
-12.839
-12.038
-11.28
-10.568
-9.905
-9.292
-8.734
-8.233
-7.787
-7.395
-7.052
-6.754
-6.497
-6.277
-6.091
-5.936
-5.81
-5.712
-5.64
-5.595
-5.575
-5.578
-5.602
-5.644
-5.702
-5.774
-5.857
-5.95
-6.049
-6.155
-6.265
-6.378
-6.495
-6.613
-6.733
-6.854
-6.977
-7.103
-7.231
-7.362
-7.498
-7.639
-7.786
-7.941
-8.105
-8.279
-8.465
-8.663
-8.874
-9.1
-9.341
-9.598
-9.871
-10.16
-10.466
-10.789
-11.129
-11.487
-11.861
-12.252
-12.659
-13.082
-13.52
-13.972
-14.436
-14.911
-15.396
-15.89
-16.39
-16.895
-17.404
-17.913
-18.422
-18.928
-19.43
-19.926
-20.413
-20.891
-21.358
-21.812
-22.251
-22.675
-23.083
-23.473
-23.845
-24.198
-24.533
-24.848
-25.143
-25.42
-25.678
-25.919
-26.141
-26.348
-26.54
-26.718
-26.883
-27.038
-27.183
-27.322
-27.455
-27.584
-27.712
-27.84
-27.969
-28.102
-28.239
-28.382
-28.531
-28.687
-28.851
-29.024
-29.205
-29.394
-29.591
-29.796
-30.008
-30.226
-30.449
-30.675
-30.902
-31.128
-31.35
-31.567
-31.775
-31.971
-32.151
-32.313
-32.452
-32.565
-32.648
-32.695
-32.704
-32.67
-32.591
-32.461
-32.28
-32.043
-31.75
-31.399
-30.99
-30.525
-30.002
-29.424
-28.792
-28.108
-27.374
-26.592
-25.765
-24.896
-23.989
-23.05
-22.087
-21.105
-20.11
-19.11
-18.112
-17.125
-16.157
-15.213
-14.298
-13.419
-12.586
-11.808
-11.101
-10.471
-9.921
-9.453
-9.068
-8.764
-8.537
-8.376
-8.265
-8.192
-8.146
-8.125
-8.131
-8.155
-8.185
-8.2
-8.18
-8.114
-7.999
-7.836
-7.624
-7.368
-7.082
-6.795
-6.551
-6.388
-6.335
-6.407
-6.618
-6.996
-7.59
-8.466
-9.686
-11.294
-13.309
-15.723
-18.55
-21.811
-25.513
-29.649
-34.166
-38.948
-43.931
-49.129
-54.441
-59.676
-64.524
-68.43
-70.931
-71.908
-71.265
-68.883
-64.933
-59.589
-53.227
-47.012
-42.04
-38.638
-37.007
-36.665
-36.156
-34.691
-31.392
-25.001
-15.814
-4.177
10.177
27.687
50.946
82.769
123.986
173.09
224.49
271.295
306.657
323.006
315.062
279.123
214.662
127.995
27.796
-77.955
-184.82
-292.895
-399.658
-506.067
-612.845
-694.226
-723.434
-715.274
-691.21
-648.674
-588.553
-519.729
-446.335
-371.817
-300.395
-237.711
-188.726
-154.292
-132.042
-117.234
-106.154
-97.065
-90.058
-86.064
-83.692
-81.077
-76.935
-69.905
-60.099
-48.549
-35.875
-23.198
-12.121
-3.39
2.673
5.952
6.946
6.154
3.911
0.832
-2.324
-5.077
-7.106
-8.238
-8.536
-8.025
-6.703
-4.66
-2.013
1.126
4.649
8.478
12.558
16.811
21.139
25.444
29.636
33.638
37.389
40.835
43.927
46.634
48.957
50.909
52.518
53.82
54.854
55.668
56.319
56.86
57.344
57.821
58.337
58.933
59.653
60.533
61.608
62.905
64.44
66.226
68.273
70.583
73.154
75.977
79.037
82.317
85.801
89.468
93.295
97.259
101.334
105.499
109.735
114.022
118.341
122.672
126.991
131.284
135.541
139.759
143.938
148.081
152.191
156.277
160.359
164.443
168.53
172.616
176.688
180.733
184.732
188.663
192.503
196.222
199.784
203.142
206.24
209.018
211.409
213.342
214.744
215.549
215.707
215.175
213.911
211.893
209.108
205.556
201.244
196.184
190.387
183.889
176.748
169.031
160.822
152.209
143.281
134.133
124.858
115.55
106.313
97.23
88.365
79.779
71.523
63.655
56.243
49.329
42.927
37.043
31.666
26.783
22.38
18.428
14.882
11.69
8.786
6.119
3.66
1.374
-0.765
-2.797
-4.774
-6.729
-8.674
-10.62
-12.569
-14.526
-16.5
-18.482
-20.448
-22.366
-24.2
-25.923
-27.528
-29.003
-30.341
-31.53
-32.556
-33.412
-34.106
-34.644
-35.032
-35.276
-35.377
-35.349
-35.214
-34.994
-34.715
-34.399
-34.055
-33.696
-33.334
-32.976
-32.632
-32.305
-31.994
-31.7
-31.424
-31.169
-30.937
-30.728
-30.54
-30.367
-30.207
-30.057
-29.915
-29.778
-29.644
-29.513
-29.382
-29.253
-29.127
-29.003
-28.88
-28.757
-28.632
-28.504
-28.373
-28.235
-28.09
-27.935
-27.771
-27.597
-27.411
-27.215
-27.007
-26.787
-26.556
-26.313
-26.058
-25.793
-25.518
-25.233
-24.94
-24.638
-24.33
-24.017
-23.698
-23.376
-23.052
-22.725
-22.398
-22.071
-21.745
-21.421
-21.099
-20.781
-20.468
-20.16
-19.859
-19.565
-19.28
-19.004
-18.738
-18.482
-18.237
-18.003
-17.781
-17.57
-17.371
-17.183
-17.007
-16.843
-16.691
-16.55
-16.42
-16.302
-16.194
-16.098
-16.011
-15.935
-15.87
-15.814
-15.769
-15.733
-15.707
-15.691
-15.684
-15.687
-15.699
-15.72
-15.75
-15.79
-15.839
-15.897
-15.965
-16.043
-16.13
-16.228
-16.337
-16.457
-16.588
-16.732
-16.888
-17.057
-17.24
-17.436
-17.647
-17.873
-18.114
-18.37
-18.642
-18.928
-19.229
-19.544
-19.873
-20.214
-20.566
-20.929
-21.301
-21.68
-22.067
-22.458
-22.852
-23.247
-23.641
-24.031
-24.415
-24.791
-25.155
-25.504
-25.836
-26.146
-26.433
-26.692
-26.919
-27.112
-27.267
-27.38
-27.448
-27.468
-27.437
-27.352
-27.211
-27.015
-26.76
-26.449
-26.08
-25.657
-25.18
-24.65
-24.071
-23.445
-22.773
-22.06
-21.307
-20.519
-19.7
-18.857
-17.994
-17.117
-16.232
-15.347
-14.467
-13.598
-12.747
-11.918
-11.117
-10.352
-9.628
-8.954
-8.339
-7.786
-7.298
-6.874
-6.515
-6.215
-5.97
-5.765
-5.586
-5.421
-5.26
-5.093
-4.913
-4.702
-4.442
-4.121
-3.722
-3.238
-2.672
-2.018
-1.275
-0.455
0.426
1.33
2.207
3.02
3.732
4.303
4.692
4.822
4.621
4.037
3.026
1.587
-0.287
-2.641
-5.507
-8.912
-12.859
-17.232
-21.93
-26.933
-32.104
-37.259
-42.132
-46.18
-48.94
-50.272
-50.019
-48.12
-44.813
-40.143
-34.349
-28.364
-23.009
-18.713
-15.909
-14.14
-12.018
-8.932
-4.128
3.156
12.026
22.037
33.552
47.116
65.648
92.692
129.634
175.937
226.992
275.612
314.881
337.294
337.019
310.039
254.666
174.599
77.842
-28.05
-139.93
-250.958
-350.639
-446.628
-555.008
-658.673
-715.72
-715.262
-686.427
-650.326
-602.848
-541.437
-472.214
-398.726
-324.7
-256.701
-200.168
-158.438
-129.816
-108.95
-92.223
-77.738
-65.982
-59.223
-57.059
-56.755
-55.961
-52.832
-46.859
-38.878
-29.539
-19.235
-8.89
0.14
6.982
11.245
12.967
12.729
11.037
8.22
4.853
1.654
-0.875
-2.397
-2.788
-2.175
-0.659
1.699
4.779
8.447
12.58
17.051
21.762
26.644
31.608
36.555
41.381
45.984
50.274
54.18
57.655
60.686
63.277
65.452
67.244
68.687
69.828
70.723
71.424
71.987
72.463
72.9
73.348
73.862
74.488
75.273
76.25
77.445
78.877
80.558
82.492
84.679
87.113
89.778
92.662
95.746
99.007
102.425
105.984
109.665
113.455
117.336
121.286
125.285
129.313
133.356
137.407
141.462
145.517
149.581
153.668
157.798
162
166.291
170.671
175.137
179.67
184.255
188.879
193.524
198.16
202.754
207.264
211.638
215.829
219.773
223.385
226.579
229.26
231.345
232.78
233.516
233.519
232.765
231.228
228.887
225.742
221.801
217.076
211.598
205.398
198.52
191.039
183.039
174.608
165.839
156.809
147.59
138.251
128.864
119.5
110.241
101.162
92.328
83.803
75.639
67.884
60.591
53.783
47.471
41.664
36.355
31.538
27.212
23.366
19.977
17.017
14.441
12.187
10.213
8.473
6.928
5.54
4.258
3.046
1.88
0.741
-0.384
-1.502
-2.629
-3.772
-4.927
-6.084
-7.222
-8.307
-9.32
-10.249
-11.08
-11.807
-12.415
-12.895
-13.249
-13.487
-13.616
-13.646
-13.585
-13.438
-13.223
-12.958
-12.664
-12.367
-12.086
-11.834
-11.623
-11.463
-11.362
-11.327
-11.359
-11.453
-11.606
-11.818
-12.086
-12.409
-12.783
-13.2
-13.656
-14.143
-14.656
-15.189
-15.739
-16.298
-16.865
-17.434
-18.004
-18.574
-19.141
-19.702
-20.254
-20.794
-21.318
-21.826
-22.314
-22.779
-23.22
-23.634
-24.022
-24.382
-24.714
-25.019
-25.297
-25.548
-25.773
-25.974
-26.151
-26.308
-26.445
-26.566
-26.671
-26.763
-26.845
-26.919
-26.986
-27.05
-27.11
-27.171
-27.232
-27.297
-27.365
-27.44
-27.521
-27.61
-27.709
-27.817
-27.937
-28.068
-28.212
-28.368
-28.536
-28.717
-28.911
-29.117
-29.335
-29.564
-29.803
-30.053
-30.312
-30.579
-30.853
-31.134
-31.421
-31.711
-32.006
-32.303
-32.601
-32.9
-33.198
-33.495
-33.791
-34.084
-34.375
-34.662
-34.945
-35.225
-35.5
-35.771
-36.038
-36.3
-36.558
-36.812
-37.062
-37.308
-37.551
-37.79
-38.026
-38.258
-38.487
-38.712
-38.934
-39.151
-39.363
-39.569
-39.77
-39.963
-40.149
-40.327
-40.495
-40.652
-40.798
-40.931
-41.05
-41.153
-41.239
-41.306
-41.352
-41.375
-41.373
-41.345
-41.288
-41.201
-41.08
-40.923
-40.729
-40.494
-40.217
-39.897
-39.531
-39.118
-38.658
-38.15
-37.595
-36.993
-36.347
-35.659
-34.93
-34.164
-33.363
-32.531
-31.671
-30.785
-29.877
-28.951
-28.013
-27.067
-26.119
-25.175
-24.24
-23.322
-22.427
-21.559
-20.726
-19.929
-19.175
-18.468
-17.816
-17.226
-16.708
-16.265
-15.9
-15.61
-15.394
-15.246
-15.159
-15.12
-15.109
-15.116
-15.13
-15.144
-15.155
-15.15
-15.11
-15.019
-14.856
-14.612
-14.285
-13.874
-13.381
-12.82
-12.208
-11.577
-10.982
-10.459
-10.039
-9.755
-9.628
-9.703
-10.053
-10.739
-11.818
-13.325
-15.255
-17.619
-20.442
-23.73
-27.49
-31.69
-36.205
-40.952
-45.921
-51.009
-56.05
-60.753
-64.575
-67.035
-67.959
-67.241
-64.786
-60.721
-55.16
-48.514
-41.941
-36.554
-32.932
-31.04
-29.985
-28.713
-26.642
-23.774
-20.374
-15.946
-9.311
1.523
19.693
47.498
85.213
131.64
182.522
231.444
273.67
303.882
316.067
306.259
269.881
205.675
119.572
19.193
-87.689
-196.722
-308.083
-417.925
-527.683
-639.644
-724.328
-751.31
-738.315
-709.612
-661.726
-594.821
-519.828
-442.96
-367.165
-296.145
-234.465
-185.217
-149.077
-123.96
-105.744
-91.854
-80.894
-72.898
-68.508
-65.88
-62.944
-58.383
-50.929
-40.774
-28.97
-16.142
-3.402
7.632
16.191
21.947
24.801
25.268
23.874
20.984
17.241
13.437
10.075
7.487
5.849
5.101
5.214
6.19
7.934
10.323
13.239
16.574
20.246
24.197
28.347
32.587
36.814
40.93
44.853
48.519
51.871
54.858
57.451
59.652
61.478
62.96
64.138
65.057
65.765
66.321
66.783
67.205
67.641
68.138
68.74
69.487
70.42
71.574
72.979
74.655
76.615
78.859
81.386
84.189
87.254
90.562
94.089
97.806
101.69
105.722
109.881
114.154
118.518
122.948
127.42
131.911
136.403
140.885
145.351
149.792
154.216
158.634
163.065
167.54
172.075
176.668
181.314
185.992
190.689
195.396
200.096
204.761
209.361
213.853
218.194
222.343
226.236
229.788
232.912
235.504
237.482
238.791
239.384
239.23
238.296
236.546
233.954
230.526
226.266
221.188
215.316
208.662
201.277
193.247
184.66
175.626
166.246
156.596
146.754
136.804
126.827
116.918
107.169
97.644
88.407
79.523
71.049
63.058
55.595
48.664
42.269
36.395
31.025
26.155
21.772
17.841
14.327
11.18
8.336
5.757
3.405
1.233
-0.798
-2.744
-4.647
-6.524
-8.386
-10.242
-12.092
-13.947
-15.81
-17.665
-19.495
-21.274
-22.966
-24.551
-26.017
-27.345
-28.523
-29.537
-30.374
-31.035
-31.529
-31.863
-32.047
-32.087
-31.992
-31.779
-31.471
-31.09
-30.661
-30.205
-29.736
-29.268
-28.813
-28.382
-27.981
-27.615
-27.281
-26.981
-26.715
-26.484
-26.288
-26.127
-25.997
-25.893
-25.812
-25.751
-25.707
-25.677
-25.658
-25.65
-25.651
-25.66
-25.678
-25.703
-25.734
-25.77
-25.807
-25.845
-25.882
-25.914
-25.94
-25.959
-25.968
-25.967
-25.956
-25.934
-25.9
-25.856
-25.8
-25.735
-25.659
-25.575
-25.484
-25.386
-25.283
-25.177
-25.068
-24.96
-24.853
-24.748
-24.647
-24.551
-24.461
-24.378
-24.303
-24.238
-24.182
-24.138
-24.104
-24.084
-24.076
-24.081
-24.1
-24.134
-24.181
-24.242
-24.316
-24.404
-24.503
-24.614
-24.736
-24.867
-25.006
-25.153
-25.306
-25.463
-25.624
-25.788
-25.953
-26.117
-26.281
-26.443
-26.603
-26.759
-26.911
-27.059
-27.202
-27.341
-27.475
-27.604
-27.729
-27.849
-27.967
-28.082
-28.194
-28.306
-28.418
-28.531
-28.646
-28.765
-28.888
-29.018
-29.155
-29.3
-29.455
-29.621
-29.798
-29.989
-30.192
-30.408
-30.639
-30.882
-31.139
-31.408
-31.689
-31.982
-32.284
-32.594
-32.911
-33.233
-33.558
-33.883
-34.205
-34.522
-34.831
-35.128
-35.41
-35.673
-35.914
-36.129
-36.314
-36.466
-36.581
-36.655
-36.685
-36.667
-36.599
-36.478
-36.302
-36.069
-35.779
-35.431
-35.026
-34.565
-34.05
-33.484
-32.868
-32.205
-31.499
-30.753
-29.971
-29.155
-28.312
-27.447
-26.564
-25.671
-24.773
-23.878
-22.992
-22.123
-21.274
-20.454
-19.666
-18.917
-18.213
-17.56
-16.965
-16.436
-15.975
-15.585
-15.268
-15.021
-14.839
-14.713
-14.632
-14.58
-14.546
-14.519
-14.488
-14.439
-14.357
-14.224
-14.027
-13.752
-13.389
-12.931
-12.373
-11.712
-10.961
-10.14
-9.287
-8.448
-7.66
-6.965
-6.404
-6.034
-5.935
-6.173
-6.805
-7.862
-9.343
-11.281
-13.721
-16.707
-20.267
-24.347
-28.808
-33.559
-38.581
-43.762
-48.923
-53.681
-57.425
-59.808
-60.772
-60.297
-58.345
-54.875
-49.845
-43.703
-37.615
-32.407
-28.347
-25.432
-22.921
-19.907
-15.937
-9.859
-1.021
9.393
20.661
31.922
44.573
64.045
94.34
137.483
190.485
244.361
290.056
318.022
320.876
295.321
240.714
162.045
67.652
-34.602
-140.016
-247.656
-354.866
-463.138
-573.588
-660.7
-697.294
-697.382
-681.567
-646.561
-592.866
-529.45
-460.973
-391.025
-323.657
-263.548
-214.276
-176.729
-149.273
-127.818
-109.511
-93.584
-80.564
-72.148
-67.935
-65.291
-62.083
-56.82
-49.127
-39.809
-29.508
-18.589
-7.869
1.415
8.476
12.978
14.971
15.001
13.556
10.955
7.723
4.53
1.845
-0.014
-0.89
-0.866
-0.014
1.638
3.986
6.918
10.335
14.126
18.203
22.503
26.938
31.412
35.839
40.126
44.192
47.971
51.401
54.45
57.115
59.409
61.358
62.994
64.352
65.481
66.437
67.275
68.046
68.799
69.578
70.43
71.403
72.538
73.872
75.433
77.239
79.304
81.639
84.248
87.125
90.263
93.645
97.254
101.074
105.082
109.253
113.561
117.984
122.498
127.086
131.725
136.391
141.062
145.715
150.332
154.905
159.427
163.894
168.314
172.696
177.054
181.412
185.779
190.153
194.527
198.888
203.226
207.529
211.775
215.94
219.997
223.908
227.631
231.115
234.285
237.063
239.365
241.101
242.205
242.627
242.32
241.243
239.359
236.644
233.092
228.708
223.498
217.47
210.649
203.084
194.855
186.059
176.795
167.172
157.281
147.214
137.067
126.945
116.947
107.16
97.652
88.486
79.729
71.457
63.728
56.572
49.99
43.968
38.488
33.528
29.07
25.08
21.51
18.301
15.39
12.729
10.279
8.002
5.854
3.779
1.732
-0.314
-2.366
-4.427
-6.498
-8.586
-10.692
-12.802
-14.893
-16.937
-18.897
-20.756
-22.5
-24.115
-25.59
-26.907
-28.054
-29.033
-29.852
-30.52
-31.045
-31.432
-31.69
-31.835
-31.888
-31.872
-31.809
-31.719
-31.613
-31.504
-31.403
-31.319
-31.257
-31.221
-31.208
-31.216
-31.246
-31.299
-31.373
-31.466
-31.573
-31.691
-31.813
-31.936
-32.057
-32.171
-32.276
-32.369
-32.449
-32.515
-32.566
-32.601
-32.62
-32.62
-32.599
-32.557
-32.491
-32.401
-32.285
-32.143
-31.973
-31.776
-31.553
-31.304
-31.029
-30.731
-30.411
-30.069
-29.709
-29.331
-28.939
-28.535
-28.122
-27.702
-27.279
-26.855
-26.435
-26.019
-25.612
-25.216
-24.833
-24.466
-24.118
-23.789
-23.484
-23.204
-22.95
-22.726
-22.531
-22.368
-22.239
-22.144
-22.083
-22.059
-22.071
-22.119
-22.204
-22.325
-22.483
-22.676
-22.904
-23.167
-23.462
-23.788
-24.144
-24.526
-24.934
-25.365
-25.815
-26.283
-26.764
-27.257
-27.759
-28.265
-28.774
-29.281
-29.784
-30.279
-30.762
-31.231
-31.681
-32.11
-32.513
-32.887
-33.23
-33.536
-33.804
-34.028
-34.207
-34.335
-34.411
-34.429
-34.388
-34.285
-34.118
-33.885
-33.585
-33.217
-32.781
-32.28
-31.715
-31.087
-30.399
-29.652
-28.851
-27.999
-27.098
-26.152
-25.164
-24.14
-23.084
-22.006
-20.91
-19.804
-18.694
-17.588
-16.493
-15.418
-14.369
-13.349
-12.365
-11.424
-10.536
-9.715
-8.971
-8.305
-7.719
-7.21
-6.778
-6.417
-6.119
-5.866
-5.642
-5.436
-5.241
-5.061
-4.891
-4.723
-4.538
-4.311
-4.031
-3.695
-3.306
-2.867
-2.383
-1.865
-1.338
-0.848
-0.437
-0.142
0.019
0.038
-0.105
-0.442
-1.026
-1.93
-3.201
-4.869
-6.938
-9.39
-12.23
-15.468
-19.102
-23.101
-27.384
-31.823
-36.349
-40.974
-45.62
-50.137
-54.161
-57.098
-58.609
-58.639
-57.201
-54.315
-49.941
-44.014
-37.055
-30.309
-24.654
-20.505
-17.543
-14.613
-11.112
-6.753
-1.254
5.037
11.965
19.792
29.098
42.83
64.997
98.091
142.845
194.873
246.404
289.892
316.691
320.216
296.616
244.017
166.503
72.324
-30.379
-134.925
-240.065
-346.332
-448.008
-544.788
-638.256
-702.852
-714.182
-691.227
-656.48
-606.072
-539.238
-466.154
-394.215
-327.434
-269.27
-221.802
-185.09
-156.921
-133.892
-113.988
-96.741
-82.941
-74.096
-69.556
-66.666
-63.242
-57.804
-50.008
-40.648
-30.352
-19.469
-8.804
0.403
7.356
11.701
13.471
13.207
11.394
8.355
4.632
0.914
-2.308
-4.697
-6.08
-6.529
-6.104
-4.829
-2.804
-0.142
3.054
6.674
10.624
14.841
19.234
23.704
28.162
32.509
36.66
40.543
44.092
47.272
50.076
52.513
54.61
56.396
57.907
59.191
60.304
61.301
62.233
63.15
64.094
65.115
66.258
67.564
69.074
70.812
72.794
75.034
77.54
80.314
83.353
86.644
90.169
93.91
97.847
101.959
106.22
110.602
115.077
119.623
124.219
128.846
133.484
138.113
142.708
147.255
151.746
156.177
160.55
164.866
169.127
173.345
177.541
181.727
185.907
190.071
194.205
198.292
202.311
206.238
210.049
213.707
217.167
220.382
223.299
225.864
228.02
229.693
230.807
231.297
231.112
230.219
228.592
226.205
223.048
219.123
214.443
209.039
202.943
196.187
188.82
180.9
172.49
163.683
154.572
145.243
135.781
126.266
116.78
107.42
98.265
89.372
80.793
72.566
64.735
57.36
50.47
44.088
38.226
32.871
28.012
23.642
19.736
16.261
13.174
10.407
7.911
5.658
3.615
1.759
0.056
-1.544
-3.072
-4.547
-5.984
-7.39
-8.773
-10.15
-11.517
-12.857
-14.148
-15.354
-16.45
-17.431
-18.288
-19.017
-19.613
-20.061
-20.359
-20.518
-20.543
-20.445
-20.229
-19.899
-19.468
-18.958
-18.392
-17.799
-17.199
-16.606
-16.033
-15.492
-14.991
-14.541
-14.145
-13.801
-13.509
-13.271
-13.088
-12.962
-12.891
-12.872
-12.9
-12.971
-13.079
-13.223
-13.398
-13.6
-13.827
-14.077
-14.347
-14.638
-14.948
-15.275
-15.615
-15.966
-16.326
-16.691
-17.059
-17.426
-17.791
-18.151
-18.504
-18.849
-19.185
-19.51
-19.823
-20.123
-20.411
-20.686
-20.947
-21.196
-21.433
-21.658
-21.871
-22.075
-22.27
-22.456
-22.634
-22.806
-22.972
-23.134
-23.291
-23.444
-23.596
-23.745
-23.894
-24.043
-24.192
-24.342
-24.495
-24.65
-24.809
-24.971
-25.138
-25.309
-25.485
-25.666
-25.854
-26.047
-26.246
-26.452
-26.665
-26.883
-27.107
-27.337
-27.573
-27.814
-28.061
-28.314
-28.572
-28.838
-29.109
-29.388
-29.675
-29.968
-30.269
-30.578
-30.894
-31.218
-31.55
-31.889
-32.236
-32.59
-32.953
-33.322
-33.697
-34.077
-34.461
-34.847
-35.234
-35.618
-35.998
-36.372
-36.737
-37.093
-37.44
-37.774
-38.095
-38.402
-38.692
-38.962
-39.21
-39.429
-39.616
-39.764
-39.87
-39.93
-39.942
-39.903
-39.81
-39.665
-39.465
-39.212
-38.902
-38.529
-38.089
-37.584
-37.019
-36.402
-35.745
-35.057
-34.348
-33.635
-32.93
-32.24
-31.568
-30.905
-30.241
-29.575
-28.91
-28.258
-27.631
-27.023
-26.429
-25.847
-25.265
-24.678
-24.074
-23.419
-22.692
-21.889
-21.015
-20.096
-19.163
-18.226
-17.285
-16.343
-15.399
-14.473
-13.582
-12.732
-11.93
-11.183
-10.509
-9.958
-9.567
-9.349
-9.306
-9.42
-9.672
-10.077
-10.648
-11.395
-12.329
-13.441
-14.731
-16.218
-17.931
-19.917
-22.198
-24.769
-27.613
-30.709
-34.055
-37.673
-41.579
-45.762
-50.189
-54.765
-59.435
-64.226
-69.041
-73.701
-77.913
-81.146
-82.961
-83.263
-81.974
-78.985
-74.476
-68.632
-61.833
-55.245
-49.961
-46.34
-44.612
-44.292
-43.89
-42.527
-39.252
-32.934
-24.196
-13.682
-1.346
13.447
34.163
64.38
105.479
155.973
209.051
256.477
290.42
302.89
289.641
248.671
180.79
92.824
-7.185
-113.071
-221.138
-331.651
-444.185
-552.442
-646.108
-714.475
-749.956
-752.674
-728.452
-683.978
-626.309
-559.955
-487.717
-413.76
-342.351
-278.747
-227.288
-189.193
-162.729
-143.622
-128.752
-116.859
-108.058
-103.458
-101.988
-101.152
-99.115
-94.476
-87.078
-77.763
-67.143
-55.87
-45.083
-35.938
-29.126
-24.901
-23.05
-23.068
-24.53
-27.046
-30.05
-32.894
-35.132
-36.509
-36.94
-36.507
-35.279
-33.298
-30.66
-27.5
-23.929
-20.053
-15.962
-11.707
-7.368
-3.042
1.195
5.259
9.077
12.597
15.767
18.557
20.967
23.012
24.718
26.121
27.26
28.18
28.94
29.593
30.19
30.779
31.401
32.101
32.923
33.906
35.082
36.477
38.106
39.98
42.11
44.499
47.143
50.034
53.154
56.489
60.025
63.739
67.605
71.595
75.679
79.834
84.048
88.304
92.584
96.872
101.147
105.398
109.626
113.828
117.997
122.128
126.213
130.258
134.287
138.315
142.347
146.377
150.375
154.316
158.177
161.925
165.523
168.915
172.027
174.802
177.198
179.168
180.674
181.66
182.048
181.782
180.824
179.151
176.768
173.679
169.889
165.428
160.344
154.703
148.597
142.099
135.263
128.15
120.815
113.328
105.779
98.238
90.757
83.384
76.153
69.099
62.257
55.645
49.259
43.085
37.097
31.28
25.637
20.167
14.872
9.749
4.787
-0.015
-4.646
-9.098
-13.363
-17.435
-21.313
-24.986
-28.433
-31.635
-34.567
-37.215
-39.572
-41.632
-43.395
-44.859
-46.025
-46.901
-47.5
-47.832
-47.908
-47.738
-47.332
-46.701
-45.862
-44.831
-43.623
-42.255
-40.741
-39.095
-37.332
-35.466
-33.509
-31.473
-29.367
-27.203
-24.992
-22.746
-20.475
-18.19
-15.9
-13.616
-11.347
-9.101
-6.885
-4.706
-2.569
-0.479
1.559
3.542
5.467
7.332
9.134
10.873
12.546
14.155
15.699
17.178
18.593
19.945
21.236
22.467
23.639
24.754
25.815
26.821
27.777
28.683
29.541
30.354
31.123
31.851
32.539
33.189
33.803
34.383
34.93
35.445
35.93
36.385
36.811
37.209
37.579
37.921
38.237
38.526
38.787
39.022
39.23
39.41
39.563
39.689
39.788
39.859
39.903
39.92
39.91
39.872
39.808
39.718
39.602
39.46
39.294
39.104
38.891
38.657
38.401
38.125
37.831
37.519
37.191
36.847
36.488
36.117
35.733
35.338
34.933
34.519
34.099
33.672
33.241
32.807
32.369
31.93
31.488
31.046
30.602
30.158
29.712
29.265
28.818
28.369
27.918
27.465
27.01
26.552
26.09
25.623
25.152
24.674
24.191
23.702
23.208
22.708
22.205
21.7
21.193
20.686
20.179
19.675
19.172
18.672
18.174
17.679
17.189
16.704
16.229
15.767
15.322
14.901
14.508
14.148
13.824
13.54
13.3
13.103
12.953
12.853
12.805
12.818
12.894
13.035
13.241
13.507
13.823
14.18
14.563
14.959
15.356
15.747
16.13
16.51
16.893
17.289
17.698
18.115
18.534
18.954
19.379
19.814
20.271
20.768
21.321
21.956
22.694
23.547
24.511
25.569
26.693
27.85
29.028
30.216
31.408
32.594
33.75
34.86
35.903
36.859
37.707
38.408
38.922
39.224
39.307
39.178
38.864
38.391
37.757
36.964
36.009
34.89
33.625
32.213
30.645
28.905
26.96
24.8
22.432
19.86
17.105
14.169
11.011
7.601
3.925
-0.033
-4.197
-8.525
-13.049
-17.666
-22.216
-26.454
-29.87
-32.029
-32.824
-32.132
-29.918
-26.465
-21.859
-16.359
-10.916
-6.376
-3.136
-1.579
-1.236
-0.654
0.913
4.262
10.269
18.161
27.27
37.78
50.162
67.265
93.046
129.431
176.136
228.465
278.855
320.166
344.76
347.402
324.418
273.281
197.605
104.065
0.459
-105.398
-212.772
-322.514
-430.015
-535.596
-637.912
-710.889
-730.22
-712.53
-680.868
-633.256
-569.655
-497.829
-421.417
-344.297
-271.526
-208.8
-160.161
-125.52
-102.107
-86.196
-76.263
-71.034
-69.178
-69.548
-67.911
-62.13
-53.342
-42.213
-30.945
-20.888
-10.845
-0.836
8.273
15.958
21.212
23.667
23.912
22.476
19.82
16.579
13.41
10.757
8.952
8.162
8.282
9.248
11.041
13.556
16.688
20.337
24.375
28.706
33.264
37.955
42.678
47.341
51.839
56.087
60.015
63.558
66.685
69.386
71.67
73.56
75.085
76.284
77.205
77.906
78.443
78.868
79.234
79.586
79.975
80.449
81.05
81.818
82.781
83.958
85.365
87.014
88.908
91.045
93.416
96.008
98.804
101.789
104.943
108.24
111.659
115.175
118.77
122.425
126.117
129.826
133.531
137.21
140.846
144.435
147.971
151.452
154.889
158.293
161.68
165.077
168.492
171.927
175.379
178.839
182.301
185.756
189.186
192.569
195.88
199.084
202.142
205.002
207.588
209.82
211.615
212.881
213.552
213.577
212.903
211.488
209.289
206.279
202.45
197.801
192.335
186.056
178.987
171.176
162.707
153.678
144.192
134.357
124.269
114.02
103.715
93.461
83.363
73.51
63.975
54.825
46.13
37.974
30.415
23.485
17.182
11.49
6.388
1.852
-2.14
-5.628
-8.666
-11.316
-13.648
-15.713
-17.553
-19.211
-20.737
-22.191
-23.624
-25.063
-26.517
-27.989
-29.482
-31
-32.546
-34.103
-35.646
-37.145
-38.563
-39.882
-41.088
-42.168
-43.108
-43.891
-44.505
-44.951
-45.239
-45.377
-45.377
-45.244
-44.986
-44.625
-44.182
-43.681
-43.15
-42.604
-42.06
-41.531
-41.027
-40.56
-40.136
-39.759
-39.426
-39.137
-38.894
-38.696
-38.545
-38.438
-38.369
-38.336
-38.333
-38.356
-38.403
-38.469
-38.552
-38.648
-38.758
-38.879
-39.011
-39.153
-39.303
-39.459
-39.619
-39.78
-39.942
-40.101
-40.255
-40.403
-40.543
-40.674
-40.795
-40.906
-41.006
-41.095
-41.173
-41.239
-41.294
-41.339
-41.373
-41.399
-41.416
-41.425
-41.429
-41.427
-41.421
-41.411
-41.4
-41.388
-41.375
-41.362
-41.351
-41.341
-41.334
-41.33
-41.329
-41.333
-41.342
-41.355
-41.375
-41.401
-41.433
-41.471
-41.517
-41.569
-41.629
-41.695
-41.768
-41.849
-41.936
-42.031
-42.133
-42.242
-42.359
-42.483
-42.615
-42.754
-42.901
-43.056
-43.219
-43.39
-43.57
-43.759
-43.957
-44.165
-44.383
-44.612
-44.853
-45.105
-45.369
-45.646
-45.937
-46.241
-46.559
-46.892
-47.239
-47.601
-47.978
-48.369
-48.774
-49.192
-49.623
-50.065
-50.517
-50.977
-51.444
-51.916
-52.39
-52.866
-53.339
-53.808
-54.271
-54.724
-55.164
-55.59
-55.997
-56.382
-56.742
-57.073
-57.373
-57.637
-57.863
-58.047
-58.184
-58.273
-58.309
-58.289
-58.209
-58.068
-57.861
-57.589
-57.247
-56.836
-56.355
-55.804
-55.184
-54.497
-53.746
-52.932
-52.059
-51.13
-50.15
-49.122
-48.05
-46.938
-45.791
-44.616
-43.418
-42.207
-40.987
-39.767
-38.554
-37.356
-36.18
-35.035
-33.925
-32.855
-31.83
-30.861
-29.957
-29.128
-28.381
-27.717
-27.135
-26.634
-26.21
-25.859
-25.567
-25.317
-25.094
-24.889
-24.699
-24.521
-24.347
-24.161
-23.939
-23.663
-23.32
-22.908
-22.427
-21.871
-21.247
-20.568
-19.86
-19.167
-18.529
-17.968
-17.501
-17.147
-16.929
-16.899
-17.129
-17.675
-18.587
-19.88
-21.546
-23.612
-26.101
-29.028
-32.401
-36.152
-40.15
-44.337
-48.709
-53.181
-57.63
-61.712
-64.846
-66.701
-67.186
-66.283
-64.028
-60.364
-55.18
-48.933
-42.755
-37.451
-33.441
-30.403
-27.076
-22.801
-17.467
-11.098
-4.267
2.814
10.948
21.531
37.284
61.626
95.9
139.217
187.495
234.022
273.307
300.147
309.658
298.229
262.267
201.42
120.028
24.391
-79.455
-189.196
-303.623
-416.958
-528.571
-638.447
-718.625
-741.036
-725.411
-698.254
-655.023
-593.758
-523.088
-446.612
-367.842
-292.318
-226.618
-176.104
-141.462
-119.489
-104.809
-93.521
-83.983
-76.591
-72.418
-70.02
-67.421
-63.251
-56.165
-46.338
-34.855
-22.38
-10.054
0.512
8.571
13.825
16.198
16.233
14.477
11.304
7.357
3.422
-0.006
-2.592
-4.153
-4.769
-4.486
-3.315
-1.365
1.244
4.4
7.986
11.915
16.126
20.53
25.023
29.504
33.864
38.017
41.889
45.411
48.547
51.281
53.621
55.591
57.224
58.557
59.64
60.53
61.282
61.951
62.59
63.246
63.972
64.816
65.823
67.033
68.476
70.17
72.131
74.368
76.883
79.674
82.728
86.03
89.562
93.308
97.245
101.346
105.588
109.946
114.396
118.919
123.491
128.086
132.683
137.259
141.793
146.28
150.712
155.084
159.408
163.691
167.948
172.206
176.47
180.739
185.013
189.279
193.532
197.763
201.95
206.071
210.101
214.005
217.742
221.263
224.487
227.33
229.709
231.533
232.734
233.26
233.055
232.072
230.274
227.638
224.16
219.848
214.701
208.726
201.948
194.413
186.215
177.459
168.246
158.686
148.877
138.915
128.912
118.983
109.221
99.698
90.48
81.617
73.182
65.254
57.886
51.103
44.897
39.241
34.118
29.507
25.377
21.684
18.368
15.353
12.592
10.056
7.713
5.539
3.49
1.508
-0.441
-2.374
-4.294
-6.196
-8.081
-9.957
-11.811
-13.621
-15.351
-16.958
-18.422
-19.735
-20.889
-21.879
-22.694
-23.316
-23.744
-23.985
-24.048
-23.944
-23.679
-23.259
-22.697
-22.019
-21.253
-20.426
-19.561
-18.671
-17.771
-16.873
-15.989
-15.13
-14.303
-13.506
-12.745
-12.023
-11.344
-10.713
-10.132
-9.599
-9.112
-8.668
-8.266
-7.906
-7.585
-7.301
-7.055
-6.846
-6.675
-6.542
-6.448
-6.391
-6.37
-6.384
-6.43
-6.507
-6.613
-6.745
-6.901
-7.079
-7.277
-7.495
-7.73
-7.982
-8.247
-8.526
-8.816
-9.117
-9.426
-9.744
-10.068
-10.398
-10.733
-11.072
-11.416
-11.762
-12.11
-12.46
-12.811
-13.162
-13.511
-13.859
-14.204
-14.546
-14.883
-15.215
-15.541
-15.861
-16.173
-16.478
-16.773
-17.058
-17.333
-17.596
-17.846
-18.083
-18.306
-18.513
-18.705
-18.88
-19.038
-19.178
-19.3
-19.403
-19.487
-19.553
-19.6
-19.628
-19.638
-19.63
-19.604
-19.561
-19.502
-19.429
-19.341
-19.242
-19.131
-19.012
-18.886
-18.754
-18.62
-18.485
-18.352
-18.223
-18.101
-17.988
-17.888
-17.802
-17.734
-17.686
-17.66
-17.659
-17.685
-17.739
-17.823
-17.938
-18.086
-18.267
-18.482
-18.73
-19.012
-19.327
-19.674
-20.053
-20.463
-20.9
-21.363
-21.85
-22.357
-22.882
-23.42
-23.968
-24.522
-25.076
-25.626
-26.167
-26.694
-27.201
-27.682
-28.132
-28.544
-28.914
-29.236
-29.505
-29.716
-29.865
-29.949
-29.964
-29.909
-29.782
-29.583
-29.31
-28.965
-28.548
-28.06
-27.502
-26.877
-26.186
-25.433
-24.622
-23.759
-22.848
-21.897
-20.91
-19.896
-18.862
-17.815
-16.763
-15.712
-14.667
-13.638
-12.635
-11.668
-10.748
-9.882
-9.073
-8.325
-7.641
-7.019
-6.454
-5.939
-5.457
-5.002
-4.567
-4.147
-3.738
-3.329
-2.901
-2.441
-1.933
-1.367
-0.744
-0.059
0.689
1.489
2.326
3.17
3.967
4.683
5.287
5.741
6.021
6.073
5.818
5.196
4.146
2.638
0.682
-1.756
-4.716
-8.221
-12.299
-16.89
-21.843
-27.077
-32.573
-38.212
-43.84
-49.094
-53.373
-56.342
-57.92
-58.07
-56.782
-54.025
-49.742
-44.343
-38.929
-34.279
-30.674
-28.126
-25.794
-22.636
-18.311
-11.908
-2.935
7.198
18.143
29.774
43.249
63.701
94.162
135.092
183.884
232.336
273.687
302.209
311.642
298.822
260.296
195.294
109.832
11.126
-93.704
-200.78
-310.453
-418.781
-526.562
-635.621
-717.938
-744.567
-731.741
-701.651
-650.999
-580.846
-502.701
-423.855
-348.088
-278.937
-220.345
-174.515
-141.331
-118.464
-101.852
-89.163
-79.305
-72.368
-68.899
-66.974
-64.476
-60.141
-52.824
-42.805
-31.153
-18.501
-5.941
4.94
13.389
19.099
21.998
22.611
21.466
18.925
15.607
12.266
9.377
7.249
6.04
5.68
6.136
7.399
9.375
11.945
15.002
18.443
22.194
26.2
30.387
34.651
38.898
43.036
46.991
50.702
54.117
57.183
59.875
62.193
64.155
65.788
67.131
68.224
69.113
69.855
70.504
71.11
71.724
72.388
73.146
74.035
75.091
76.348
77.834
79.566
81.558
83.818
86.342
89.126
92.16
95.424
98.898
102.56
106.379
110.332
114.396
118.549
122.772
127.045
131.339
135.631
139.898
144.121
148.294
152.411
156.468
160.475
164.451
168.42
172.416
176.457
180.546
184.681
188.853
193.055
197.284
201.525
205.755
209.947
214.065
218.063
221.888
225.463
228.689
231.468
233.693
235.28
236.173
236.318
235.667
234.181
231.823
228.564
224.402
219.333
213.353
206.493
198.796
190.341
181.245
171.616
161.572
151.224
140.662
129.979
119.278
108.651
98.192
88.004
78.167
68.766
59.898
51.617
43.965
36.954
30.562
24.77
19.557
14.892
10.747
7.096
3.89
1.088
-1.357
-3.52
-5.46
-7.24
-8.935
-10.592
-12.244
-13.921
-15.626
-17.361
-19.134
-20.938
-22.766
-24.618
-26.478
-28.334
-30.167
-31.941
-33.625
-35.196
-36.627
-37.9
-39.011
-39.951
-40.725
-41.344
-41.815
-42.152
-42.368
-42.471
-42.475
-42.394
-42.245
-42.049
-41.827
-41.591
-41.355
-41.127
-40.913
-40.719
-40.545
-40.388
-40.244
-40.111
-39.986
-39.868
-39.755
-39.642
-39.527
-39.405
-39.272
-39.126
-38.966
-38.788
-38.591
-38.375
-38.138
-37.883
-37.609
-37.318
-37.007
-36.677
-36.328
-35.959
-35.571
-35.163
-34.737
-34.292
-33.829
-33.35
-32.857
-32.351
-31.833
-31.306
-30.771
-30.23
-29.686
-29.14
-28.596
-28.054
-27.517
-26.987
-26.467
-25.957
-25.459
-24.975
-24.506
-24.053
-23.618
-23.202
-22.805
-22.43
-22.076
-21.744
-21.436
-21.152
-20.893
-20.66
-20.453
-20.272
-20.118
-19.991
-19.892
-19.821
-19.777
-19.761
-19.774
-19.815
-19.885
-19.983
-20.111
-20.268
-20.454
-20.671
-20.917
-21.195
-21.503
-21.842
-22.213
-22.615
-23.049
-23.515
-24.013
-24.541
-25.1
-25.688
-26.305
-26.95
-27.62
-28.314
-29.03
-29.765
-30.518
-31.286
-32.066
-32.855
-33.65
-34.446
-35.241
-36.031
-36.811
-37.576
-38.324
-39.048
-39.744
-40.407
-41.033
-41.616
-42.151
-42.633
-43.057
-43.42
-43.715
-43.94
-44.089
-44.161
-44.152
-44.06
-43.885
-43.626
-43.282
-42.856
-42.349
-41.763
-41.101
-40.365
-39.559
-38.685
-37.748
-36.753
-35.704
-34.607
-33.469
-32.296
-31.097
-29.878
-28.649
-27.415
-26.185
-24.965
-23.762
-22.584
-21.44
-20.34
-19.293
-18.308
-17.389
-16.539
-15.76
-15.05
-14.402
-13.807
-13.248
-12.712
-12.192
-11.677
-11.161
-10.629
-10.065
-9.45
-8.767
-8.01
-7.171
-6.249
-5.245
-4.165
-3.035
-1.897
-0.808
0.187
1.046
1.728
2.193
2.369
2.177
1.545
0.423
-1.209
-3.356
-6.036
-9.29
-13.138
-17.543
-22.401
-27.538
-32.845
-38.324
-43.901
-49.331
-54.169
-57.894
-60.2
-61.137
-60.756
-58.745
-54.836
-49.1
-42.211
-35.333
-29.293
-23.813
-17.975
-11.529
-4.355
3.186
10.351
17.576
25.14
33.44
44.693
62.235
89.804
129.763
180.013
234.054
282.59
315.432
324.457
304.702
255.772
182.649
93.469
-3.535
-103.406
-205.57
-310.778
-416.68
-515.781
-597.435
-651.775
-673.999
-665.652
-631.67
-579.164
-515.229
-445.407
-375.783
-311.555
-256.458
-213.054
-180.981
-157.336
-138.565
-122.398
-108
-96.108
-87.826
-82.03
-76.712
-70.294
-61.407
-50.01
-37.111
-23.418
-9.806
2.406
12.401
19.781
24.317
26.304
26.249
24.502
21.608
18.314
15.109
12.327
10.2
8.725
7.914
7.839
8.462
9.699
11.484
13.73
16.371
19.381
22.689
26.203
29.83
33.467
37.036
40.488
43.768
46.833
49.643
52.155
54.359
56.267
57.9
59.293
60.485
61.512
62.427
63.287
64.145
65.054
66.058
67.188
68.476
69.957
71.664
73.633
75.886
78.43
81.269
84.399
87.81
91.491
95.419
99.559
103.884
108.37
112.996
117.749
122.608
127.546
132.535
137.548
142.565
147.573
152.561
157.52
162.451
167.361
172.27
177.208
182.189
187.21
192.265
197.331
202.393
207.441
212.457
217.411
222.27
226.989
231.524
235.835
239.858
243.51
246.702
249.324
251.296
252.563
253.077
252.806
251.716
249.764
246.936
243.238
238.681
233.287
227.079
220.07
212.311
203.887
194.896
185.456
175.668
165.609
155.367
145.026
134.68
124.436
114.373
104.543
95.004
85.81
77.02
68.71
60.919
53.652
46.904
40.656
34.892
29.612
24.793
20.397
16.378
12.672
9.235
6.05
3.087
0.316
-2.299
-4.814
-7.258
-9.64
-11.967
-14.24
-16.463
-18.648
-20.788
-22.86
-24.835
-26.678
-28.366
-29.894
-31.254
-32.438
-33.438
-34.24
-34.84
-35.249
-35.475
-35.527
-35.413
-35.136
-34.713
-34.169
-33.527
-32.818
-32.063
-31.277
-30.474
-29.667
-28.867
-28.086
-27.327
-26.593
-25.885
-25.207
-24.562
-23.955
-23.386
-22.853
-22.354
-21.885
-21.445
-21.033
-20.646
-20.282
-19.942
-19.624
-19.328
-19.057
-18.809
-18.585
-18.382
-18.199
-18.035
-17.889
-17.758
-17.641
-17.536
-17.443
-17.361
-17.288
-17.226
-17.173
-17.129
-17.095
-17.069
-17.054
-17.047
-17.052
-17.067
-17.093
-17.132
-17.184
-17.251
-17.331
-17.428
-17.54
-17.669
-17.815
-17.979
-18.161
-18.362
-18.581
-18.821
-19.08
-19.359
-19.659
-19.981
-20.323
-20.687
-21.073
-21.48
-21.908
-22.357
-22.827
-23.317
-23.827
-24.355
-24.903
-25.468
-26.052
-26.651
-27.268
-27.899
-28.546
-29.208
-29.883
-30.571
-31.272
-31.985
-32.709
-33.444
-34.187
-34.939
-35.697
-36.461
-37.228
-37.998
-38.767
-39.535
-40.298
-41.056
-41.805
-42.544
-43.269
-43.978
-44.669
-45.338
-45.984
-46.602
-47.189
-47.743
-48.261
-48.738
-49.173
-49.562
-49.9
-50.186
-50.415
-50.585
-50.693
-50.736
-50.713
-50.62
-50.458
-50.225
-49.921
-49.548
-49.106
-48.598
-48.026
-47.394
-46.704
-45.96
-45.167
-44.327
-43.446
-42.53
-41.583
-40.611
-39.622
-38.621
-37.617
-36.616
-35.627
-34.654
-33.704
-32.785
-31.902
-31.065
-30.279
-29.553
-28.895
-28.31
-27.803
-27.375
-27.025
-26.75
-26.543
-26.393
-26.287
-26.215
-26.165
-26.125
-26.085
-26.027
-25.937
-25.8
-25.599
-25.325
-24.971
-24.533
-24.015
-23.428
-22.791
-22.141
-21.523
-20.976
-20.546
-20.272
-20.203
-20.415
-20.971
-21.93
-23.331
-25.176
-27.493
-30.318
-33.681
-37.613
-42.075
-46.938
-52.111
-57.56
-63.168
-68.783
-74.059
-78.411
-81.493
-83.207
-83.509
-82.409
-79.848
-75.721
-70.473
-65.212
-60.697
-57.307
-54.768
-51.924
-48.125
-43.204
-37.032
-30.016
-22.468
-13.851
-3.049
12.456
36.14
69.485
111.87
159.57
206.216
246.739
275.389
285.974
273.61
233.47
166.362
79.737
-17.438
-116.656
-215.817
-316.852
-416.964
-517.799
-620.066
-696.796
-721.168
-709.495
-684.273
-641.498
-580.467
-512.409
-444.473
-380.599
-324.427
-277.064
-237.995
-206.13
-179.143
-155.668
-135.892
-120.19
-109.534
-103.715
-100.497
-97.393
-92.614
-85.445
-76.21
-65.742
-54.652
-43.588
-33.67
-25.769
-20.3
-17.397
-16.731
-17.787
-20.176
-23.385
-26.732
-29.732
-32.064
-33.536
-34.156
-33.961
-32.959
-31.232
-28.896
-26.05
-22.787
-19.186
-15.302
-11.214
-7.02
-2.814
1.315
5.289
9.046
12.528
15.68
18.473
20.905
22.988
24.751
26.227
27.451
28.471
29.339
30.109
30.831
31.554
32.319
33.171
34.148
35.287
36.624
38.188
39.996
42.065
44.402
47.004
49.868
52.982
56.329
59.889
63.639
67.551
71.601
75.767
80.03
84.37
88.767
93.194
97.626
102.04
106.417
110.749
115.031
119.256
123.434
127.581
131.717
135.877
140.075
144.311
148.581
152.874
157.182
161.501
165.819
170.111
174.353
178.511
182.542
186.399
190.011
193.285
196.125
198.425
200.105
201.112
201.395
200.908
199.609
197.458
194.432
190.529
185.749
180.092
173.578
166.247
158.17
149.459
140.227
130.596
120.674
110.55
100.322
90.097
79.978
70.069
60.462
51.229
42.448
34.207
26.569
19.579
13.252
7.563
2.488
-2
-5.933
-9.337
-12.253
-14.737
-16.848
-18.651
-20.203
-21.551
-22.75
-23.867
-24.95
-26.04
-27.157
-28.3
-29.47
-30.671
-31.897
-33.147
-34.405
-35.649
-36.852
-37.986
-39.027
-39.956
-40.757
-41.41
-41.9
-42.222
-42.376
-42.376
-42.231
-41.95
-41.545
-41.027
-40.413
-39.723
-38.977
-38.199
-37.405
-36.611
-35.828
-35.069
-34.34
-33.648
-32.993
-32.372
-31.785
-31.23
-30.704
-30.207
-29.736
-29.285
-28.851
-28.428
-28.011
-27.598
-27.185
-26.768
-26.346
-25.917
-25.479
-25.032
-24.576
-24.11
-23.632
-23.141
-22.636
-22.115
-21.578
-21.025
-20.454
-19.865
-19.26
-18.639
-18.003
-17.353
-16.692
-16.019
-15.339
-14.651
-13.96
-13.266
-12.573
-11.882
-11.197
-10.52
-9.853
-9.199
-8.559
-7.936
-7.331
-6.746
-6.182
-5.641
-5.124
-4.631
-4.164
-3.724
-3.31
-2.923
-2.563
-2.23
-1.924
-1.644
-1.389
-1.159
-0.953
-0.77
-0.607
-0.465
-0.341
-0.234
-0.143
-0.066
-0.002
0.051
0.093
0.127
0.154
0.175
0.19
0.202
0.21
0.217
0.222
0.227
0.232
0.237
0.245
0.254
0.266
0.28
0.298
0.319
0.344
0.373
0.407
0.446
0.491
0.541
0.599
0.663
0.735
0.816
0.907
1.009
1.124
1.252
1.397
1.558
1.739
1.941
2.166
2.416
2.694
3.002
3.342
3.716
4.126
4.575
5.066
5.599
6.177
6.803
7.477
8.202
8.979
9.81
10.695
11.636
12.634
13.688
14.8
15.97
17.197
18.48
19.819
21.212
22.657
24.153
25.697
27.285
28.916
30.586
32.291
34.028
35.793
37.581
39.388
41.209
43.04
44.875
46.709
48.538
50.356
52.158
53.939
55.694
57.418
59.106
60.753
62.354
63.904
65.398
66.832
68.202
69.502
70.731
71.883
72.956
73.946
74.852
75.669
76.397
77.033
77.574
78.02
78.368
78.618
78.769
78.82
78.772
78.624
78.378
78.033
77.592
77.055
